Date, Open, High, Low, Close, Volume
05/03/24, 76.50, 78.00, 76.00, 77.80, 299742
05/02/24, 77.80, 78.60, 76.00, 76.50, 868879
04/30/24, 78.00, 78.00, 76.50, 77.80, 958754
04/29/24, 76.40, 78.10, 75.50, 77.40, 734958
04/26/24, 76.00, 76.80, 75.90, 76.40, 703489
04/25/24, 72.50, 76.00, 72.30, 76.00, 445481
04/24/24, 73.10, 73.80, 72.80, 73.00, 186134
04/22/24, 73.00, 74.00, 72.50, 73.60, 93771
04/19/24, 72.10, 73.40, 72.10, 73.00, 203351
04/18/24, 74.00, 74.20, 73.50, 73.50, 1530677
04/17/24, 74.30, 75.80, 71.20, 74.50, 453346
04/16/24, 76.70, 76.70, 73.00, 74.10, 479265
04/15/24, 78.00, 78.10, 76.40, 76.60, 463274
04/10/24, 77.70, 78.90, 77.40, 78.20, 163851
04/09/24, 77.00, 78.00, 76.10, 77.80, 669361
04/08/24, 75.00, 77.30, 74.90, 76.70, 1107060
04/05/24, 74.00, 74.20, 72.70, 74.00, 796432
04/04/24, 71.90, 74.20, 71.90, 74.00, 1083663
04/03/24, 71.20, 71.90, 70.20, 71.50, 762954
04/02/24, 71.00, 71.50, 70.70, 71.00, 1041145
04/01/24, 67.20, 71.10, 67.20, 70.60, 1484294
03/28/24, 66.70, 68.70, 66.50, 68.00, 3549225
03/27/24, 65.10, 67.40, 65.10, 67.00, 588123
03/26/24, 65.00, 65.80, 63.00, 65.00, 169079
03/25/24, 63.64, 64.41, 63.45, 63.64, 286143.178398677
03/22/24, 63.45, 63.74, 63.45, 63.45, 47498.6171790324
03/21/24, 63.45, 63.45, 62.97, 63.16, 97221.1315972198
03/20/24, 64.22, 64.22, 62.97, 63.16, 46646.7126706751
03/19/24, 64.32, 64.32, 63.35, 63.45, 455553.595447063
03/18/24, 63.93, 64.32, 63.64, 64.12, 282783.408481713
03/15/24, 62.49, 63.84, 62.39, 63.55, 207203.147820236
03/14/24, 61.53, 62.49, 61.53, 62.30, 428695.199463798
03/13/24, 61.43, 61.91, 61.05, 61.62, 456351.410780286
03/12/24, 60.66, 61.24, 60.37, 61.14, 80231.9297229832
03/11/24, 60.66, 61.43, 60.47, 60.95, 102109.960888159
03/07/24, 58.74, 61.43, 58.74, 61.05, 165696.987140161
03/06/24, 59.41, 60.57, 58.64, 59.41, 25423.9926657741
03/05/24, 58.64, 59.12, 57.68, 58.74, 850170.534223679
03/04/24, 58.16, 59.22, 57.49, 57.68, 450577.391334754
03/01/24, 59.32, 59.32, 57.97, 58.07, 19265.1079356355
02/29/24, 58.64, 59.32, 58.16, 58.36, 9264.85159455242
02/28/24, 59.61, 59.61, 57.59, 57.68, 773238.044183858
02/27/24, 58.84, 59.61, 58.45, 58.55, 26313.3435261471
02/26/24, 59.99, 59.99, 58.26, 58.55, 274429.751452876
02/22/24, 59.99, 60.37, 58.93, 59.22, 35928.7345826244
02/21/24, 61.53, 61.53, 59.70, 59.99, 116244.918597643
02/20/24, 63.93, 63.93, 62.49, 63.07, 297454.05706031
02/19/24, 63.45, 63.45, 61.72, 63.45, 126332.549760096
02/16/24, 61.53, 63.45, 61.53, 62.59, 1041187.49638513
02/15/24, 62.39, 62.97, 61.24, 61.53, 272762.348611732
02/14/24, 62.39, 62.39, 61.91, 62.01, 104205.916424594
02/13/24, 63.35, 63.35, 62.20, 62.39, 47000.3726619346
02/12/24, 62.10, 63.45, 62.10, 62.68, 32205.9430863963
02/09/24, 62.87, 62.87, 62.01, 62.49, 167503.773624919
02/08/24, 61.53, 62.87, 61.14, 62.20, 630005.747723785
02/07/24, 62.39, 62.39, 61.43, 61.43, 358640.356077528
02/06/24, 60.09, 62.30, 60.09, 61.62, 293570.038215126
02/02/24, 58.74, 62.20, 58.64, 60.86, 57330.3649360448
02/01/24, 58.64, 58.74, 58.55, 58.64, 366197.237949586
01/31/24, 58.64, 59.12, 58.45, 58.64, 79095.0168687286
01/30/24, 59.12, 59.12, 58.64, 58.64, 48613.6863279445
01/29/24, 59.12, 59.12, 58.84, 58.84, 8128.97891674269
01/26/24, 59.12, 59.12, 57.87, 58.93, 24608.4943329877
01/24/24, 58.74, 60.09, 57.87, 58.26, 196583.986494449
01/23/24, 59.22, 61.43, 58.64, 58.74, 148918.941084236
01/22/24, 60.57, 60.57, 59.12, 59.22, 48223.6201611143
01/19/24, 60.47, 60.57, 60.09, 60.09, 39296.8259111481
01/18/24, 59.89, 61.43, 59.61, 59.70, 44699.5023658584
01/17/24, 61.53, 61.53, 60.09, 60.18, 128291.202005806
01/16/24, 61.34, 61.34, 60.57, 60.76, 35167.3254249717
01/12/24, 62.49, 62.49, 61.34, 61.34, 26807.4273374655
01/11/24, 62.49, 62.87, 61.43, 61.53, 31958.3810925147
01/10/24, 63.35, 63.35, 61.91, 62.49, 53777.1222003323
01/09/24, 63.45, 63.45, 62.01, 62.49, 82691.9470151261
01/08/24, 62.20, 63.74, 62.01, 62.30, 43917.2896793082
01/05/24, 62.20, 63.45, 62.20, 62.49, 23429.9744209378
01/04/24, 62.49, 62.49, 61.53, 62.30, 25444.7961946718
01/03/24, 62.49, 62.49, 61.62, 62.01, 136382.734570533
01/02/24, 62.68, 63.45, 62.39, 62.49, 231589.044394019
12/29/23, 62.01, 62.49, 62.01, 62.39, 115663.459964955
12/28/23, 62.49, 62.49, 61.43, 61.53, 65044.3134512801
12/27/23, 62.49, 62.49, 61.72, 62.10, 40397.3325898318
12/22/23, 62.49, 64.12, 61.53, 62.01, 60613.1617960883
12/21/23, 61.53, 64.32, 61.14, 61.53, 25183.7119070067
12/20/23, 62.97, 64.41, 61.14, 61.53, 77175.8913279237
12/19/23, 62.59, 62.97, 62.20, 62.30, 224674.991564897
12/18/23, 65.18, 65.18, 62.68, 63.07, 48768.6726182317
12/15/23, 65.57, 65.66, 65.18, 65.18, 47115.8322473163
12/14/23, 66.14, 66.14, 65.57, 65.66, 44880.4930672677
12/13/23, 67.30, 67.58, 65.57, 66.33, 78845.3745219573
12/12/23, 67.10, 67.30, 66.53, 66.82, 159470.490941105
12/11/23, 67.30, 68.26, 66.91, 67.10, 200944.406151389
12/08/23, 67.20, 68.26, 66.05, 66.91, 206411.573545682
12/07/23, 65.85, 66.82, 65.85, 66.62, 78938.9904019965
12/06/23, 66.33, 66.72, 65.47, 66.33, 181652.253628186
12/05/23, 66.82, 66.82, 65.28, 66.33, 336259.919689474
12/04/23, 68.16, 68.74, 66.72, 66.82, 214397.008113031
12/01/23, 65.37, 68.26, 64.41, 67.10, 576102.764173622
11/30/23, 64.70, 65.37, 64.41, 65.37, 138591.029163015
11/29/23, 63.45, 64.41, 62.49, 64.22, 50484.9637522849
11/28/23, 62.49, 62.97, 61.72, 62.49, 21766.7322855736
11/27/23, 62.97, 62.97, 62.49, 62.97, 45321.5278798971
11/24/23, 63.45, 63.93, 63.16, 63.16, 34180.1979787799
11/23/23, 63.45, 63.45, 63.26, 63.35, 12109.7341713011
11/22/23, 64.32, 64.32, 63.26, 63.93, 172549.669559035
11/21/23, 63.84, 63.84, 63.07, 63.26, 33470.7976433712
11/20/23, 63.45, 64.89, 63.07, 64.32, 146676.320669073
11/17/23, 63.93, 64.41, 63.35, 64.03, 74030.3977586045
11/16/23, 64.22, 64.22, 63.64, 63.93, 156078.475554349
11/15/23, 65.47, 66.14, 64.12, 64.41, 279893.798317834
11/14/23, 65.18, 65.18, 63.93, 63.93, 122697.133085238
11/13/23, 64.80, 65.37, 64.41, 64.99, 19607.3259860012
11/10/23, 65.18, 65.18, 64.41, 64.80, 57220.1062328874
11/09/23, 65.37, 65.37, 63.93, 64.70, 127253.105913815
11/08/23, 65.37, 66.33, 64.41, 65.28, 721690.020104905
11/07/23, 64.41, 65.37, 63.45, 64.99, 47583.9116475126
11/06/23, 65.28, 65.28, 61.53, 63.64, 35473.1372997666
11/03/23, 63.55, 64.41, 62.49, 63.45, 146494.289791219
11/02/23, 62.39, 65.09, 62.39, 64.32, 176285.983349047
11/01/23, 59.61, 62.39, 59.61, 61.14, 220458.116257351
10/31/23, 59.22, 60.57, 59.22, 59.61, 43045.6218184981
10/30/23, 61.34, 62.01, 59.32, 59.61, 13121.8258521701
10/27/23, 59.61, 61.34, 58.64, 60.28, 1367.83202501812
10/26/23, 58.64, 60.09, 57.68, 58.26, 26489.133345332
10/25/23, 59.61, 59.61, 57.68, 58.93, 52177.3308281058
10/24/23, 62.01, 62.39, 59.61, 59.61, 35763.3465278883
10/23/23, 62.39, 63.93, 62.01, 62.10, 178016.836953328
10/20/23, 59.51, 62.39, 58.74, 62.10, 229582.544031844
10/19/23, 58.64, 59.99, 57.20, 59.12, 60095.1539265377
10/18/23, 56.72, 60.47, 56.72, 58.07, 368720.706004867
10/17/23, 58.64, 58.64, 56.72, 56.82, 125123.864731145
10/16/23, 60.57, 60.57, 58.45, 58.64, 64157.0429437969
10/13/23, 61.24, 61.34, 58.64, 59.51, 193013.060759173
10/12/23, 58.84, 61.34, 58.64, 58.84, 150975.369915765
10/11/23, 59.12, 59.61, 58.64, 59.12, 177135.807504514
10/10/23, 61.43, 61.53, 58.64, 59.41, 19447.1388134896
10/09/23, 62.01, 62.01, 57.68, 58.64, 131641.610334767
10/06/23, 62.87, 64.32, 61.82, 61.91, 16457.6717109025
10/05/23, 63.45, 64.89, 62.97, 63.55, 47731.6167026857
10/04/23, 61.91, 63.45, 61.24, 62.39, 350132.752934848
10/03/23, 64.12, 64.89, 61.62, 62.59, 39411.245320085
10/02/23, 66.33, 66.33, 64.12, 64.22, 70233.7537347899
09/27/23, 65.85, 67.10, 65.37, 66.05, 99750.8407111696
09/26/23, 64.70, 65.37, 64.70, 65.37, 187736.245654294
09/25/23, 63.93, 65.18, 63.74, 64.89, 395356.504228927
09/22/23, 64.51, 64.60, 63.74, 63.93, 98739.7892067456
09/21/23, 66.33, 66.33, 64.41, 64.70, 37649.186422457
09/20/23, 66.24, 66.33, 64.99, 64.99, 122949.895961344
09/19/23, 66.82, 66.91, 65.37, 65.37, 45766.723398306
09/18/23, 66.82, 67.20, 66.05, 66.43, 24563.7667458578
09/15/23, 67.30, 67.30, 66.82, 66.91, 202780.317576603
09/14/23, 68.26, 69.51, 66.91, 67.20, 252264.631588913
09/13/23, 67.30, 68.45, 67.10, 67.30, 500671.248743763
09/12/23, 67.78, 71.14, 67.20, 67.39, 169090.042703362
09/11/23, 71.14, 71.14, 67.78, 67.97, 98998.7931415209
09/08/23, 71.53, 71.53, 70.76, 70.76, 54919.2359368113
09/07/23, 70.95, 71.62, 70.28, 70.47, 140300.039061954
09/06/23, 73.06, 73.06, 69.41, 70.85, 182020.476089674
09/05/23, 72.10, 74.22, 71.91, 72.97, 262412.592985169
09/04/23, 66.82, 72.10, 66.33, 71.24, 140978.234104016
09/01/23, 66.82, 67.30, 66.14, 66.33, 188055.579822872
08/31/23, 67.78, 67.78, 66.33, 66.82, 266705.401173192
08/29/23, 67.30, 68.45, 66.82, 67.20, 80879.9596481439
08/28/23, 68.26, 70.08, 67.30, 67.58, 86396.0153353463
08/25/23, 67.39, 68.83, 67.30, 67.97, 114246.739647027
08/24/23, 70.08, 70.37, 67.30, 67.49, 342351.192950696
08/23/23, 69.22, 71.62, 68.45, 70.08, 162919.71603233
08/22/23, 70.66, 71.81, 68.74, 69.60, 182653.943544606
08/21/23, 71.14, 72.97, 70.66, 71.24, 200229.804933756
08/18/23, 75.95, 76.43, 69.22, 70.85, 774203.327924707
08/17/23, 74.03, 77.78, 73.93, 75.95, 854572.560938414
08/16/23, 72.10, 74.99, 71.14, 73.55, 194526.517486475
08/15/23, 74.12, 77.10, 71.81, 72.30, 298138.493161042
08/14/23, 80.47, 80.47, 75.56, 76.62, 493858.093029795
08/11/23, 80.66, 81.24, 79.99, 80.47, 807162.358757197
08/10/23, 80.85, 81.72, 80.27, 80.66, 2133713.94138379
08/09/23, 79.89, 81.62, 79.89, 80.27, 675627.886596253
08/08/23, 78.83, 80.27, 78.35, 79.70, 1863081.87413117
08/07/23, 78.35, 80.08, 77.78, 78.64, 568829.850471016
08/04/23, 78.35, 79.51, 77.78, 78.35, 2142297.47740694
08/03/23, 77.10, 79.31, 76.91, 77.78, 1727972.31552917
08/02/23, 73.93, 77.20, 73.93, 76.81, 4027179.36946992
07/31/23, 73.55, 74.89, 72.10, 73.55, 608584.354017912
07/28/23, 72.10, 75.56, 71.62, 72.87, 752468.841108925
07/27/23, 70.56, 73.06, 69.70, 72.49, 1685462.38457979
07/26/23, 69.70, 70.76, 69.70, 70.18, 1215770.7108939
07/25/23, 69.22, 70.18, 68.55, 69.70, 1055815.49772948
07/24/23, 67.20, 69.41, 67.20, 69.32, 790062.898179803
07/21/23, 67.30, 68.64, 65.09, 67.78, 263285.301022424
07/20/23, 66.33, 69.03, 66.33, 67.68, 1081516.1773296
07/19/23, 62.49, 68.26, 62.49, 66.53, 1743410.61432409
07/18/23, 60.66, 62.49, 59.70, 62.49, 779434.375266012
07/17/23, 59.89, 61.91, 58.64, 60.66, 369119.093583256
07/14/23, 58.55, 59.99, 57.78, 59.51, 101058.342502385
07/13/23, 59.12, 59.51, 58.64, 58.64, 56618.8842477464
07/12/23, 57.68, 59.12, 57.20, 58.64, 120443.070729181
07/11/23, 57.30, 57.78, 57.11, 57.68, 135825.199996077
07/10/23, 57.59, 58.16, 57.20, 57.39, 104413.95171357
07/07/23, 57.68, 58.16, 57.20, 57.78, 218299.750134223
07/06/23, 57.68, 58.36, 56.72, 57.59, 255839.718029968
07/05/23, 55.76, 58.45, 55.76, 57.87, 6768204.48890308
07/04/23, 51.91, 56.14, 51.91, 55.18, 926096.133464856
06/28/23, 48.07, 48.84, 47.11, 48.07, 329473.808563073
06/27/23, 48.45, 48.74, 47.11, 47.49, 68621.4802452248
06/26/23, 46.72, 48.55, 44.22, 47.97, 118878.645356081
06/23/23, 46.72, 47.78, 46.63, 46.82, 50546.3341625329
06/22/23, 47.11, 48.07, 46.72, 46.92, 3087.24368840593
06/21/23, 46.05, 48.07, 45.95, 46.63, 121029.730244094
06/20/23, 46.15, 46.34, 45.18, 45.28, 18095.9496115896
06/19/23, 47.40, 47.40, 46.34, 46.63, 6064.2286736545
06/16/23, 47.11, 48.07, 46.72, 47.20, 16156.0205418871
06/15/23, 47.49, 49.03, 47.11, 47.30, 314467.182992779
06/14/23, 46.05, 47.59, 45.28, 47.20, 121623.670994121
06/13/23, 44.22, 46.15, 44.22, 45.18, 144193.419495143
06/12/23, 42.78, 45.18, 41.34, 43.45, 72568.9498535471
06/09/23, 42.78, 42.78, 41.34, 41.34, 21631.5093477391
06/08/23, 41.63, 42.30, 41.34, 41.82, 8981.92360154487
06/07/23, 41.15, 41.82, 40.86, 41.44, 341.17787392087
06/06/23, 41.44, 42.20, 40.86, 40.95, 27531.3901431024
06/05/23, 42.97, 42.97, 40.95, 41.24, 15513.1914989508
06/02/23, 42.30, 42.30, 40.38, 41.82, 56443.0944285616
06/01/23, 40.19, 42.30, 40.19, 41.82, 28095.1657762278
05/31/23, 40.47, 40.47, 38.55, 40.19, 6861.00383043312
05/30/23, 40.19, 41.05, 40.19, 40.47, 17978.4096733181
05/29/23, 41.34, 41.34, 39.99, 40.09, 23130.4036048122
05/26/23, 41.34, 42.20, 40.19, 41.34, 57151.4545875253
05/25/23, 41.34, 41.34, 40.38, 41.05, 34487.0500300197
05/24/23, 39.61, 42.20, 39.61, 41.82, 16636.582059422
05/23/23, 41.24, 41.82, 39.90, 41.05, 24623.056803216
05/22/23, 41.34, 41.34, 40.47, 40.67, 23363.4031284655
05/19/23, 41.53, 42.20, 41.44, 41.72, 119093.961880171
05/18/23, 41.53, 42.78, 41.53, 41.53, 2997.78851414618
05/17/23, 41.53, 43.26, 41.53, 42.30, 4998.04781765178
05/16/23, 44.70, 44.70, 41.34, 41.53, 29567.015445734
05/15/23, 43.55, 45.09, 42.78, 44.51, 59129.8701856884
05/12/23, 43.55, 44.70, 43.45, 43.45, 14642.5638145857
05/11/23, 41.34, 48.07, 41.34, 43.74, 30393.9557194141
05/10/23, 42.01, 42.11, 41.34, 41.44, 14122.4755921453
05/09/23, 41.34, 42.01, 41.34, 41.53, 1423712.38399
05/08/23, 38.46, 41.72, 38.46, 41.44, 27403.4484403821
05/04/23, 38.74, 40.38, 38.74, 39.22, 15207.3796241559
05/03/23, 40.09, 40.09, 38.94, 39.32, 18669.0868327188
05/02/23, 40.16, 40.16, 38.42, 38.42, 138080.055246448
04/28/23, 39.52, 40.25, 39.43, 39.97, 11736.4220815919
04/27/23, 40.16, 40.25, 39.33, 39.61, 93902.3084914847
04/26/23, 41.07, 41.07, 40.25, 40.25, 126536.03352685
04/25/23, 40.43, 41.07, 40.25, 40.98, 63720.5948876592
04/24/23, 41.16, 41.16, 40.43, 40.43, 63930.4861916519
04/21/23, 41.16, 41.62, 40.34, 41.16, 24888.5172812595
04/20/23, 41.07, 41.16, 40.71, 40.71, 12537.725861939
04/19/23, 41.16, 42.54, 41.16, 41.16, 1540673.2282583
04/18/23, 40.62, 41.16, 40.62, 40.71, 111845.828615111
04/17/23, 41.16, 41.62, 40.34, 40.71, 582177.258978756
04/12/23, 40.34, 41.16, 40.25, 40.89, 32892.8096137312
04/11/23, 40.25, 41.16, 40.25, 40.62, 4717.08842046097
04/10/23, 40.25, 41.16, 40.25, 40.80, 199380.341034942
04/06/23, 40.16, 41.62, 40.16, 40.34, 65292.5932998546
04/04/23, 40.52, 40.98, 39.97, 40.07, 566604.854679922
04/03/23, 41.62, 42.08, 40.25, 40.52, 1007523.07970384
03/31/23, 40.71, 42.99, 39.33, 41.07, 6815063.50862327
03/30/23, 42.35, 42.35, 38.97, 39.33, 1092060.08193853
03/29/23, 40.98, 42.90, 40.98, 41.62, 537956.878052668
03/28/23, 40.07, 40.98, 39.61, 40.80, 588770.250928651
03/27/23, 41.35, 42.90, 39.43, 40.52, 1367771.98704269
03/24/23, 39.61, 42.08, 39.61, 41.16, 41724.6421395491
03/23/23, 44.37, 45.74, 41.16, 41.62, 72968.9304698376
03/22/23, 45.74, 46.65, 43.45, 43.82, 151759.065073848
03/21/23, 47.57, 47.57, 44.09, 45.28, 34581.7787005475
03/20/23, 47.57, 48.48, 46.47, 47.38, 102762.563798052
03/17/23, 46.65, 47.57, 46.29, 47.20, 138929.459117294
03/16/23, 48.48, 48.48, 46.38, 46.56, 49963.9690051376
03/15/23, 47.38, 49.40, 47.38, 47.93, 58538.9033203394
03/14/23, 43.54, 47.57, 43.45, 47.38, 270894.243767205
03/13/23, 45.74, 45.74, 43.91, 44.55, 178577.051894415
03/10/23, 48.39, 48.39, 45.37, 45.83, 200419.958900031
03/09/23, 49.85, 49.85, 46.65, 48.02, 299778.348111451
03/08/23, 50.31, 50.77, 48.48, 49.85, 1350448.30217617
03/07/23, 43.91, 50.22, 43.91, 48.94, 1138284.26890742
03/03/23, 41.07, 43.45, 41.07, 42.99, 571758.123466493
03/02/23, 38.33, 40.25, 38.33, 40.16, 1065423.5636412
03/01/23, 37.51, 37.96, 37.32, 37.60, 100383.795686134
02/28/23, 37.87, 37.96, 36.59, 37.05, 84211.2334399467
02/27/23, 39.15, 39.24, 37.51, 37.96, 50190.2580672547
02/24/23, 38.88, 39.79, 37.51, 38.97, 120990.311729168
02/23/23, 37.41, 38.88, 37.41, 38.51, 194931.082663847
02/22/23, 36.50, 38.33, 35.68, 37.51, 662076.975215852
02/21/23, 35.68, 35.68, 34.30, 35.49, 99403.2097502934
02/20/23, 33.85, 36.04, 33.85, 35.13, 494552.012297303
02/17/23, 31.56, 33.39, 31.56, 32.20, 681437.261641429
02/16/23, 30.19, 33.39, 29.64, 31.28, 105280.166262089
02/15/23, 31.10, 31.93, 30.19, 30.74, 50638.4634559891
02/14/23, 33.11, 33.85, 30.19, 30.19, 173950.697735576
02/13/23, 35.68, 35.68, 33.02, 33.30, 39410.3718762546
02/10/23, 35.22, 35.68, 34.76, 35.22, 16668.8677254204
02/09/23, 35.68, 35.77, 35.22, 35.49, 38624.3726701569
02/08/23, 34.76, 35.68, 34.76, 35.49, 57902.6703051115
02/07/23, 36.13, 36.13, 34.76, 35.22, 53129.8295070275
02/06/23, 37.51, 37.51, 35.77, 36.13, 81371.1417327954
02/03/23, 35.68, 37.87, 35.68, 37.69, 428935.836570459
02/02/23, 34.30, 36.04, 34.21, 35.40, 131766.918368543
02/01/23, 34.21, 34.76, 34.21, 34.30, 30448.4504693162
01/31/23, 33.85, 34.76, 32.75, 34.12, 24525.5802347722
01/30/23, 34.12, 34.12, 32.93, 32.93, 20278.5608805448
01/27/23, 32.93, 34.76, 32.93, 33.66, 148593.204571958
01/26/23, 32.20, 32.84, 32.20, 32.47, 17542.321641515
01/25/23, 33.11, 33.11, 32.20, 32.75, 15697.0272605792
01/24/23, 34.21, 34.21, 32.20, 32.84, 95533.338832928
01/23/23, 31.10, 34.21, 31.10, 33.66, 180970.031396707
01/20/23, 29.27, 31.10, 29.18, 30.19, 95947.6555215386
01/19/23, 29.73, 30.19, 29.09, 29.27, 30210.1363845745
01/18/23, 30.64, 30.64, 29.09, 29.55, 56230.0989764197
01/17/23, 29.46, 30.10, 29.00, 29.82, 40801.9949490812
01/13/23, 30.19, 30.19, 29.00, 29.18, 3206.30830526351
01/12/23, 30.00, 30.00, 29.00, 29.73, 7409.60030449234
01/11/23, 29.27, 30.83, 29.27, 29.64, 19969.1898439306
01/10/23, 28.81, 29.27, 28.81, 29.27, 51204.7327032194
01/09/23, 29.00, 29.27, 28.81, 28.81, 77256.3976274385
01/05/23, 29.27, 29.27, 28.72, 29.00, 298189.951941131
01/04/23, 29.27, 29.27, 28.81, 29.18, 12258.9639738237
01/03/23, 29.73, 29.73, 29.27, 29.64, 36762.6805310966
01/02/23, 29.73, 30.55, 29.46, 29.73, 3478.51109012904
12/30/22, 29.27, 29.27, 29.27, 29.27, 2138.26765942564
12/29/22, 29.27, 29.27, 29.09, 29.27, 4580.44043609072
12/28/22, 30.55, 30.55, 29.27, 29.27, 9214.44688205458
12/27/22, 28.91, 29.73, 28.91, 29.27, 7576.85743736153
12/23/22, 31.01, 31.01, 29.27, 29.27, 7189.87034562498
12/22/22, 31.01, 31.10, 29.27, 29.27, 29400.0871332277
12/21/22, 31.10, 31.10, 29.82, 29.91, 8019.59690672113
12/20/22, 31.10, 31.10, 30.00, 30.00, 1395.99580832646
12/19/22, 30.28, 30.37, 30.00, 30.28, 19243.3157509558
12/16/22, 30.37, 30.92, 30.19, 30.28, 30791.7102060543
12/15/22, 30.64, 30.64, 30.28, 30.37, 13696.5007693987
12/14/22, 30.37, 31.10, 30.37, 30.64, 34790.5768206652
12/13/22, 30.46, 31.10, 30.46, 30.83, 24752.9624807643
12/12/22, 30.64, 31.10, 30.46, 31.10, 10850.9431428727
12/09/22, 31.10, 31.10, 30.37, 30.64, 123238.990959965
12/08/22, 31.10, 31.10, 30.28, 30.74, 17739.0947390082
12/06/22, 31.10, 31.10, 30.64, 31.10, 8582.58660232655
12/05/22, 32.02, 32.02, 31.10, 31.10, 42252.6499511557
12/02/22, 31.19, 32.38, 31.10, 31.47, 135441.10937229
12/01/22, 31.93, 32.38, 30.83, 31.19, 24740.9374581397
11/30/22, 29.73, 32.02, 29.73, 31.74, 12022.8362568319
11/29/22, 29.73, 29.73, 29.09, 29.27, 28045.6323121498
11/28/22, 29.46, 29.64, 29.00, 29.36, 6935.15850275884
11/25/22, 29.64, 29.73, 29.09, 29.36, 12273.1753641982
11/24/22, 29.27, 29.27, 29.18, 29.18, 30990.6696712973
11/23/22, 28.81, 29.27, 28.81, 29.09, 10606.0699548812
11/22/22, 29.00, 29.09, 28.63, 28.81, 19887.2010533085
11/21/22, 30.10, 30.10, 28.81, 29.00, 33802.3385976996
11/18/22, 30.19, 30.19, 28.81, 29.00, 56589.7564712822
11/17/22, 30.00, 30.19, 29.36, 29.55, 34074.5413825651
11/16/22, 30.19, 30.19, 29.82, 30.00, 8325.68839171049
11/15/22, 30.92, 31.10, 29.73, 29.91, 24760.614767889
11/14/22, 32.84, 32.84, 31.10, 31.28, 39016.8256812682
11/11/22, 32.29, 32.84, 32.29, 32.66, 15596.4543440827
11/10/22, 32.47, 32.84, 32.20, 32.29, 30499.8301114394
11/09/22, 32.57, 32.93, 32.57, 32.84, 1240.76369808185
11/08/22, 33.66, 33.66, 32.02, 32.11, 60840.0553771344
11/04/22, 33.66, 33.66, 33.11, 33.11, 29780.5151217144
11/03/22, 33.85, 33.85, 33.39, 33.48, 21394.701616881
11/02/22, 33.39, 33.85, 33.39, 33.85, 58703.9740854586
11/01/22, 33.48, 33.57, 33.39, 33.39, 17382.7167957705
10/31/22, 33.85, 33.85, 33.11, 33.66, 54947.7942910893
10/28/22, 33.11, 34.67, 33.11, 33.85, 10470.5151543859
10/27/22, 34.76, 34.76, 33.11, 33.57, 8111.42435221794
10/26/22, 33.11, 33.75, 33.11, 33.39, 12997.956273298
10/25/22, 34.76, 34.76, 33.02, 33.11, 5414.53973268672
10/21/22, 33.85, 34.21, 33.02, 33.66, 85593.0178578986
10/20/22, 35.13, 35.13, 33.85, 33.85, 13355.4274004106
10/19/22, 34.76, 35.22, 33.85, 34.12, 4846.08411770648
10/18/22, 34.21, 34.30, 33.85, 34.21, 94923.3422306992
10/17/22, 34.85, 34.85, 34.30, 34.30, 15143.8762198484
10/14/22, 34.39, 35.22, 33.94, 34.85, 4547.64491984186
10/13/22, 34.39, 35.68, 34.39, 35.04, 17909.6314235022
10/12/22, 34.76, 34.76, 33.85, 34.21, 21898.6593832385
10/11/22, 36.59, 36.59, 34.67, 34.76, 67693.2250892711
10/07/22, 37.60, 37.60, 36.13, 36.22, 47613.6236739693
10/06/22, 38.42, 38.42, 36.59, 37.60, 17603.5399385129
10/05/22, 36.41, 38.42, 36.32, 37.60, 12665.6283753096
10/04/22, 38.51, 38.51, 35.77, 36.41, 34370.7942126798
10/03/22, 39.15, 39.33, 38.60, 39.15, 45209.7123329279
09/30/22, 39.24, 39.79, 39.15, 39.33, 4920.4206212039
09/29/22, 40.25, 40.25, 39.24, 39.24, 19977.9353149303
09/28/22, 40.25, 40.25, 39.06, 39.43, 12849.2832663032
09/27/22, 39.88, 40.25, 39.24, 39.70, 15630.3430442065
09/26/22, 40.98, 40.98, 39.52, 39.70, 5273.51901281662
09/23/22, 39.33, 40.71, 39.24, 40.25, 61794.4048999762
09/22/22, 38.42, 39.33, 38.42, 39.24, 51773.1883181997
09/21/22, 37.78, 38.60, 37.32, 38.24, 46235.1188076422
09/20/22, 39.33, 39.33, 37.41, 37.51, 50094.0578862581
09/19/22, 40.80, 40.80, 38.51, 39.24, 59730.473744048
09/16/22, 42.08, 42.08, 39.43, 40.52, 47850.8445748361
09/15/22, 41.07, 43.45, 41.07, 41.99, 131021.366965819
09/14/22, 40.80, 41.16, 39.33, 40.25, 102895.932230797
09/13/22, 35.22, 40.98, 34.76, 36.77, 41722.4557717992
09/12/22, 34.58, 35.31, 34.58, 35.22, 10277.0216085176
09/09/22, 34.21, 35.58, 33.85, 34.30, 36204.0635709911
09/08/22, 33.21, 33.85, 32.57, 33.57, 61674.1546737304
09/07/22, 32.47, 33.66, 32.20, 32.93, 276554.749871758
09/06/22, 32.93, 33.21, 32.20, 32.47, 25373.8909217427
09/05/22, 32.84, 33.30, 32.47, 32.57, 92544.5741187819
09/02/22, 32.47, 32.47, 31.19, 32.38, 9278.94473067734
09/01/22, 31.01, 32.84, 30.64, 32.47, 33370.5309670896
08/31/22, 31.10, 31.10, 30.64, 30.92, 43539.327371986
08/30/22, 31.56, 31.56, 30.92, 31.01, 25872.3827687253
08/29/22, 31.10, 31.56, 31.01, 31.01, 46977.3906587414
08/26/22, 32.84, 32.84, 31.01, 31.19, 51269.2305518422
08/25/22, 32.93, 32.93, 31.10, 31.28, 17125.8185851545
08/24/22, 32.66, 32.93, 32.57, 32.84, 5415.63291656168
08/23/22, 33.30, 33.30, 32.47, 32.66, 35937.3267055003
08/22/22, 31.10, 33.30, 31.10, 32.57, 55981.9462368033
08/19/22, 30.64, 30.92, 30.64, 30.83, 23083.6707036973
08/18/22, 30.46, 30.64, 30.10, 30.19, 20666.6411561564
08/17/22, 30.28, 30.83, 30.28, 30.74, 6505.53723989878
08/16/22, 30.92, 30.92, 30.19, 30.64, 53289.4343527719
08/15/22, 30.64, 30.83, 30.19, 30.46, 44055.310160968
08/12/22, 31.28, 31.65, 30.64, 31.01, 24328.807137279
08/10/22, 30.46, 31.10, 30.28, 30.92, 36609.634788602
08/09/22, 30.19, 30.64, 29.55, 30.28, 9412.3131634227
08/08/22, 30.10, 30.19, 29.27, 29.64, 66169.3267675741
08/05/22, 30.10, 31.10, 29.46, 30.10, 12949.8561827997
08/04/22, 30.10, 31.10, 29.27, 29.36, 144522.187821599
08/03/22, 30.19, 30.64, 29.82, 30.19, 52746.1219669158
08/02/22, 30.19, 30.19, 29.91, 30.10, 40149.3641757289
08/01/22, 31.38, 31.38, 30.10, 30.19, 25048.122127004
07/29/22, 31.10, 31.10, 30.19, 30.64, 47048.447610614
07/28/22, 31.10, 31.10, 30.92, 31.10, 13154.2815674176
07/27/22, 32.38, 32.38, 31.01, 31.10, 46261.3552206413
07/26/22, 33.30, 33.30, 32.02, 32.29, 3512.39979025286
07/25/22, 33.57, 33.57, 32.02, 32.47, 57664.3562203698
07/22/22, 32.93, 34.30, 32.47, 32.66, 24908.1945910089
07/21/22, 34.03, 35.13, 32.84, 33.94, 3607.50678737455
07/20/22, 33.02, 34.03, 32.93, 32.93, 70768.3513295391
07/19/22, 33.75, 33.85, 33.11, 33.66, 11692.6947265934
07/18/22, 33.57, 33.75, 32.93, 33.39, 5101.88914444759
07/15/22, 32.02, 33.66, 32.02, 33.39, 1319.47293707912
07/14/22, 32.84, 33.66, 31.10, 31.74, 12410.9165324434
07/12/22, 33.75, 33.75, 32.84, 32.84, 2403.91134104141
07/11/22, 29.46, 33.66, 29.46, 30.00, 85383.1265539059
07/08/22, 30.92, 31.93, 29.55, 30.19, 5820.11095029761
07/07/22, 30.19, 31.10, 29.55, 29.91, 9083.26481705914
07/06/22, 31.56, 31.56, 29.46, 30.28, 18293.3389636139
07/05/22, 31.74, 31.74, 30.64, 31.01, 7926.67627734936
07/04/22, 32.84, 32.84, 31.65, 31.74, 3688.40239412174
07/01/22, 32.02, 32.93, 32.02, 32.66, 30482.33916944
06/30/22, 32.02, 32.02, 32.02, 32.02, 9921.73684915499
06/29/22, 32.02, 32.20, 32.02, 32.11, 6074.82279316376
06/28/22, 32.02, 32.02, 31.56, 31.83, 27801.8523080332
06/27/22, 32.93, 32.93, 31.93, 32.02, 8987.06463606249
06/24/22, 32.93, 32.93, 32.02, 32.93, 7993.36049372204
06/23/22, 32.02, 33.30, 31.93, 31.93, 14761.2618636117
06/22/22, 32.11, 33.85, 32.11, 32.29, 4092.88042785768
06/21/22, 33.66, 34.12, 32.02, 32.11, 32664.3341838641
06/20/22, 32.02, 32.75, 32.02, 32.02, 16768.3474580419
06/17/22, 31.19, 32.38, 31.19, 32.02, 63179.468869553
06/16/22, 32.02, 32.84, 31.19, 32.75, 56141.5510825478
06/15/22, 33.02, 33.02, 30.37, 31.19, 28734.3381533758
06/13/22, 32.47, 33.39, 32.38, 32.93, 17313.8462116479
06/10/22, 33.85, 33.85, 32.47, 32.57, 2710.00282603076
06/09/22, 32.11, 32.93, 31.10, 32.66, 23753.792419049
06/08/22, 32.11, 32.93, 31.93, 32.47, 33138.7759855976
06/07/22, 32.93, 33.02, 32.02, 32.20, 9207.88777880481
06/06/22, 34.76, 34.76, 32.57, 32.93, 13907.4852572664
06/03/22, 33.75, 34.39, 33.75, 34.03, 7246.71590712301
06/02/22, 34.76, 34.76, 33.48, 33.66, 11396.4418964787
06/01/22, 32.75, 34.76, 32.75, 34.03, 9978.58241065301
05/31/22, 34.30, 34.30, 32.47, 33.57, 12654.69653656
05/30/22, 35.68, 35.68, 33.85, 34.30, 41156.1865245689
05/27/22, 37.51, 37.51, 34.76, 35.22, 25880.0350558501
05/26/22, 36.59, 36.59, 35.68, 35.77, 12357.3505225703
05/25/22, 37.51, 37.51, 35.68, 35.86, 86715.7176974846
05/24/22, 38.24, 38.42, 36.68, 37.60, 41929.067524167
05/23/22, 39.33, 39.33, 37.60, 38.05, 46232.9324398923
05/20/22, 39.33, 39.33, 38.33, 38.42, 80091.023415215
05/19/22, 40.71, 40.71, 38.88, 39.24, 33479.8493545858
05/18/22, 41.16, 41.26, 39.33, 40.16, 20106.9310121758
05/17/22, 41.99, 41.99, 40.16, 40.25, 135884.942025525
05/13/22, 41.99, 41.99, 40.71, 41.16, 116239.334608583
05/12/22, 39.15, 41.16, 39.15, 41.16, 52751.5878862906
05/09/22, 41.16, 41.16, 39.79, 40.16, 98774.6290221903
05/06/22, 42.08, 42.08, 40.25, 41.16, 702125.766475085
05/05/22, 43.82, 43.82, 41.16, 41.26, 125398.029113014
05/04/22, 43.45, 44.82, 42.99, 43.36, 96155.3604577814
04/29/22, 44.37, 44.37, 42.99, 43.18, 20014.010382804
04/28/22, 42.99, 45.10, 41.16, 42.54, 71789.3850687536
04/27/22, 43.45, 44.18, 42.54, 42.90, 94468.577738715
04/26/22, 44.73, 44.73, 43.91, 43.91, 15242.262768595
04/25/22, 44.82, 44.82, 44.82, 44.82, 6723.08083101622
04/08/22, 48.12, 52.69, 47.57, 48.85, 63079.9891369315
04/07/22, 53.06, 53.06, 47.57, 49.58, 8744.37781582093
04/06/22, 52.14, 52.14, 50.31, 50.49, 13032.9381572968
04/05/22, 47.57, 54.70, 45.74, 53.24, 13759.9054341465
04/04/22, 46.65, 47.57, 43.91, 46.10, 53473.0892437656
04/01/22, 49.76, 49.76, 47.57, 47.75, 3291.57664751054
03/31/22, 51.57, 51.57, 47.27, 47.87, 37181.9740042138
03/30/22, 49.85, 51.57, 44.69, 48.65, 149773.882643566
03/29/22, 51.57, 52.00, 49.25, 49.94, 878250.628891033
03/28/22, 51.57, 51.57, 51.40, 51.57, 521953.144229257
03/25/22, 53.29, 53.29, 51.57, 51.57, 58422.8325773254
03/24/22, 54.15, 54.15, 51.74, 52.60, 44194.3893536959
03/23/22, 53.29, 55.44, 53.29, 54.15, 14079.5152055885
03/22/22, 53.29, 53.29, 51.57, 51.74, 154206.81818057
03/21/22, 53.29, 53.29, 51.57, 51.57, 316103.208792654
03/18/22, 52.00, 53.29, 51.57, 52.43, 20974.417040835
03/16/22, 52.43, 52.43, 51.57, 52.43, 555940.146846432
03/15/22, 53.37, 53.37, 51.57, 51.83, 16961.5050547119
03/14/22, 53.29, 53.98, 53.20, 53.55, 93418.5898167016
03/11/22, 54.58, 55.61, 53.29, 53.29, 181780.608020852
03/10/22, 51.57, 54.15, 51.57, 53.89, 100461.256169848
03/09/22, 54.15, 54.58, 51.57, 51.57, 302885.847191506
03/08/22, 55.01, 55.69, 54.15, 54.15, 128372.461051004
03/07/22, 55.95, 56.55, 54.32, 55.87, 112306.85110482
03/04/22, 55.01, 56.73, 54.15, 55.69, 113370.290233645
03/03/22, 55.52, 55.87, 54.15, 54.58, 79050.5265761585
03/02/22, 55.26, 57.58, 54.83, 55.52, 38176.7666247227
02/28/22, 55.18, 55.78, 54.75, 55.26, 50657.6326366513
02/25/22, 55.26, 55.78, 54.66, 55.18, 94229.549414941
02/24/22, 56.30, 56.30, 54.92, 55.01, 65464.3354303311
02/23/22, 59.30, 59.30, 55.01, 56.90, 99075.5275019814
02/22/22, 59.48, 59.99, 59.05, 59.22, 96828.8087298146
02/21/22, 62.31, 62.31, 59.30, 60.08, 30689.6432177347
02/18/22, 62.31, 62.31, 60.16, 60.59, 57521.1199680922
02/17/22, 60.34, 62.31, 60.34, 61.88, 139869.005943692
02/15/22, 61.71, 61.71, 59.05, 59.91, 8850.74557217682
02/14/22, 59.65, 61.45, 59.30, 60.59, 44353.7888730055
02/11/22, 59.22, 59.56, 58.53, 58.96, 93957.2903819596
02/10/22, 59.05, 59.30, 58.01, 58.36, 174146.883596104
02/09/22, 59.56, 59.99, 58.87, 58.96, 72988.6908418294
02/08/22, 60.16, 60.16, 59.30, 59.56, 70523.2340431647
02/07/22, 60.16, 60.59, 59.91, 60.08, 66072.8460040459
02/03/22, 60.16, 61.37, 59.99, 60.08, 26203.1866742466
02/02/22, 61.02, 61.02, 60.16, 60.34, 53890.9995283405
02/01/22, 61.02, 61.88, 60.94, 61.02, 26421.9247007445
01/31/22, 61.02, 61.88, 61.02, 61.02, 29322.5305521231
01/28/22, 61.54, 61.54, 60.34, 60.85, 29756.516104696
01/27/22, 61.02, 61.54, 60.42, 60.85, 21861.0041482359
01/26/22, 61.88, 61.88, 61.11, 61.19, 43817.4153080293
01/25/22, 62.31, 62.31, 61.88, 61.88, 29829.8166135756
01/24/22, 62.14, 62.31, 61.71, 62.05, 65750.5564650039
01/21/22, 61.80, 61.88, 61.02, 61.88, 118329.127834357
01/20/22, 61.71, 61.88, 60.59, 61.11, 44096.6553418564
01/19/22, 60.85, 61.45, 60.51, 60.94, 93468.6203227623
01/18/22, 60.25, 61.02, 60.08, 60.85, 101189.60725808
01/13/22, 61.71, 61.71, 60.16, 60.25, 58151.737044485
01/12/22, 61.88, 62.31, 60.42, 61.37, 73626.2889190679
01/11/22, 62.83, 62.83, 61.62, 61.88, 503032.304937192
01/10/22, 61.28, 62.74, 60.16, 62.23, 764074.033059713
01/07/22, 60.16, 61.45, 59.30, 60.34, 808441.78393441
01/06/22, 60.16, 60.16, 59.30, 59.73, 219950.393644729
01/05/22, 61.19, 61.37, 59.82, 60.08, 265169.826622598
01/04/22, 60.08, 60.34, 58.96, 59.73, 9054405.80034816
01/03/22, 58.96, 60.16, 58.87, 59.39, 112525.589131318
12/31/21, 60.16, 60.16, 58.87, 59.22, 79392.5956175966
12/30/21, 58.53, 60.59, 58.53, 60.16, 195500.601682888
12/29/21, 58.53, 59.99, 58.36, 58.53, 97811.966348914
12/28/21, 58.53, 60.08, 58.36, 58.44, 43691.7572928072
12/27/21, 59.22, 59.22, 58.44, 58.53, 123626.543976085
12/24/21, 59.48, 59.73, 59.22, 59.30, 35014.3732416313
12/23/21, 59.65, 60.08, 59.30, 59.39, 53817.6990194609
12/22/21, 60.16, 60.42, 59.39, 59.65, 66710.4440812844
12/21/21, 59.30, 60.08, 58.36, 58.53, 97529.2358146641
12/20/21, 60.16, 60.16, 59.05, 59.30, 149451.593104524
12/17/21, 60.34, 60.34, 60.08, 60.16, 193072.376888733
12/16/21, 60.94, 60.94, 60.16, 60.34, 104906.990208403
12/15/21, 60.76, 60.94, 60.34, 60.76, 59611.9297213724
12/14/21, 61.02, 61.88, 60.68, 60.85, 118040.579799403
12/13/21, 60.16, 61.02, 60.16, 60.59, 110373.113870568
12/10/21, 61.45, 61.71, 60.08, 60.42, 335548.786648285
12/09/21, 61.11, 61.45, 60.16, 60.68, 137481.503654471
12/08/21, 61.02, 61.71, 61.02, 61.02, 62859.2586147528
12/07/21, 61.62, 61.80, 60.68, 61.28, 76266.2707388745
12/06/21, 61.02, 61.88, 60.68, 61.62, 53252.2379509611
12/03/21, 61.88, 61.88, 60.68, 60.76, 71601.7986738217
12/02/21, 61.11, 61.88, 60.76, 60.85, 565213.242969773
12/01/21, 60.16, 61.88, 60.16, 61.11, 491084.321989816
11/30/21, 61.02, 61.45, 60.16, 60.25, 375204.361952151
11/29/21, 61.02, 61.37, 60.76, 60.94, 178793.903159043
11/26/21, 61.45, 61.45, 60.16, 61.02, 439993.867300733
11/25/21, 61.88, 61.88, 61.02, 61.54, 139026.631841647
11/24/21, 61.88, 62.66, 61.45, 61.88, 237436.637263007
11/23/21, 62.74, 62.74, 61.80, 61.88, 235470.322024808
11/22/21, 62.83, 62.83, 62.05, 62.74, 103354.881020381
11/19/21, 62.91, 63.60, 62.74, 62.83, 185710.911496967
11/17/21, 63.34, 63.60, 62.66, 62.74, 159714.827847809
11/16/21, 64.46, 64.46, 63.34, 63.43, 54228.4145692148
11/15/21, 63.60, 64.46, 63.17, 63.86, 187293.271688654
11/12/21, 65.32, 65.32, 64.37, 64.55, 73618.1444180812
11/11/21, 64.89, 65.06, 64.46, 64.55, 178000.396062918
11/10/21, 65.41, 65.41, 64.46, 64.72, 142064.530709657
11/09/21, 65.41, 65.41, 64.80, 64.89, 201724.163936808
11/08/21, 65.58, 66.18, 65.32, 65.41, 79713.7216564978
11/05/21, 66.18, 66.18, 65.49, 65.58, 32858.4074804582
11/03/21, 66.18, 66.61, 65.75, 66.18, 34555.9541860985
11/02/21, 66.52, 66.61, 65.92, 66.35, 89647.6858598954
11/01/21, 66.70, 67.04, 66.18, 66.18, 32177.7598980048
10/29/21, 67.47, 67.47, 65.41, 66.27, 110133.432841533
10/28/21, 66.44, 67.47, 66.44, 67.04, 90574.9954722294
10/27/21, 65.49, 66.70, 65.32, 66.61, 116169.671572761
10/26/21, 65.66, 66.18, 65.32, 65.49, 180736.948394423
10/25/21, 66.35, 66.35, 65.32, 65.84, 74302.2825009575
10/22/21, 65.75, 66.44, 65.32, 65.49, 239838.10155392
10/21/21, 66.61, 66.70, 65.75, 65.84, 39880.1308310678
10/18/21, 67.30, 67.30, 65.75, 65.75, 101087.219245677
10/15/21, 67.30, 67.30, 66.01, 66.18, 89165.9968015437
10/14/21, 65.75, 66.52, 65.75, 66.18, 31829.8733558619
10/13/21, 66.52, 66.52, 65.75, 66.18, 74263.8869963063
10/12/21, 66.70, 66.70, 65.32, 66.18, 104385.742145259
10/11/21, 67.38, 67.38, 65.75, 66.09, 1435173.93335657
10/08/21, 67.81, 67.81, 67.04, 67.04, 147174.623328692
10/07/21, 68.24, 68.67, 67.38, 67.47, 1065048.24951964
10/06/21, 66.18, 68.24, 66.18, 67.90, 917837.557686583
10/05/21, 66.70, 67.90, 66.18, 66.27, 569823.030528201
10/04/21, 66.18, 67.04, 66.18, 66.70, 83525.3481182371
10/01/21, 65.75, 66.09, 65.41, 65.75, 51401.1092267159
09/30/21, 65.75, 66.01, 65.41, 65.66, 611136.593532914
09/29/21, 65.49, 65.75, 65.23, 65.75, 61450.2599440672
09/28/21, 66.09, 66.18, 65.32, 65.41, 19494.4448615516
09/27/21, 65.49, 65.75, 65.23, 65.49, 53980.5890391933
09/24/21, 66.09, 66.18, 65.49, 65.58, 36810.817459252
09/23/21, 65.66, 66.01, 65.41, 65.75, 70147.4234976391
09/22/21, 65.41, 65.75, 65.32, 65.75, 284392.012451168
09/21/21, 66.61, 66.61, 65.23, 65.32, 123709.152486092
09/17/21, 66.01, 66.61, 65.23, 65.32, 114256.877341046
09/16/21, 66.18, 66.18, 65.32, 65.32, 166584.132679955
09/15/21, 67.04, 67.81, 65.75, 66.18, 89074.080290409
09/14/21, 66.09, 66.18, 65.06, 65.32, 171852.461318159
09/13/21, 65.92, 67.04, 65.23, 65.23, 146403.222735245
09/10/21, 67.04, 67.04, 65.75, 66.18, 34279.0411525534
09/09/21, 65.32, 67.04, 65.32, 66.70, 22093.7041764251
09/08/21, 65.92, 66.18, 65.32, 65.41, 54338.9470826047
09/07/21, 65.84, 66.18, 65.84, 65.92, 66446.3295492896
09/06/21, 67.04, 67.04, 65.84, 66.01, 87200.8450634858
09/03/21, 67.04, 67.81, 65.75, 67.38, 87962.9376558054
09/02/21, 65.75, 67.04, 65.49, 66.18, 190427.741068363
09/01/21, 65.75, 67.04, 65.41, 65.84, 113390.069736041
08/31/21, 67.04, 67.04, 65.41, 66.35, 44879.6909367131
08/30/21, 67.90, 67.98, 65.84, 66.35, 138142.371734528
08/27/21, 68.76, 70.05, 67.13, 67.98, 180838.172906685
08/26/21, 66.18, 70.39, 65.84, 68.67, 307749.277780661
08/25/21, 66.78, 67.04, 66.18, 66.44, 45488.2015104279
08/24/21, 66.95, 66.95, 66.61, 66.70, 51801.3532752013
08/23/21, 66.09, 66.70, 65.75, 66.61, 107251.44299241
08/20/21, 66.01, 66.18, 65.75, 65.92, 9333.59813066944
08/19/21, 65.84, 66.18, 65.84, 66.09, 21581.7641144088
08/18/21, 65.66, 66.18, 65.66, 65.84, 10939.228325175
08/17/21, 65.75, 65.75, 65.41, 65.75, 78275.6354822884
08/16/21, 65.49, 65.84, 65.41, 65.41, 8128.21198464931
08/13/21, 66.18, 66.18, 65.23, 65.32, 36543.2124268344
08/12/21, 66.95, 66.95, 65.75, 65.84, 22634.731741965
08/11/21, 66.18, 66.61, 66.09, 66.18, 48821.6294142384
08/10/21, 66.09, 66.52, 66.09, 66.27, 66235.7360237784
08/09/21, 66.44, 66.44, 65.75, 66.09, 56034.1667879632
08/06/21, 66.18, 66.61, 66.09, 66.18, 20883.6640298412
08/05/21, 67.30, 67.47, 65.32, 66.01, 128384.096052413
08/04/21, 67.30, 67.38, 67.04, 67.30, 110892.03493343
08/03/21, 67.55, 67.64, 67.21, 67.21, 65699.3624588022
08/02/21, 68.07, 68.07, 67.55, 67.55, 34360.4861624196
07/30/21, 68.41, 68.76, 67.81, 68.07, 36181.3638830002
07/29/21, 67.04, 69.27, 67.04, 68.41, 242131.360331725
07/28/21, 65.58, 66.44, 65.06, 66.18, 78274.4719821474
07/27/21, 66.09, 66.18, 65.32, 65.58, 142524.113265331
07/26/21, 66.61, 66.70, 65.92, 66.01, 67436.4681692347
07/22/21, 67.04, 67.04, 66.35, 66.44, 95075.4140174088
07/20/21, 67.73, 67.73, 66.18, 67.04, 329982.601973999
07/19/21, 67.81, 67.81, 67.13, 67.21, 55269.7471953616
07/16/21, 67.64, 67.90, 67.21, 67.47, 37796.3020786334
07/15/21, 67.73, 67.73, 67.21, 67.47, 46017.5940745584
07/14/21, 67.30, 67.73, 67.13, 67.21, 36411.7369109075
07/13/21, 67.90, 67.90, 67.04, 67.47, 35205.1872647465
07/12/21, 67.90, 68.76, 67.04, 67.13, 46065.2975803372
07/09/21, 67.47, 68.07, 67.04, 67.90, 63378.1796776148
07/08/21, 67.90, 68.07, 67.47, 67.47, 33492.5150572738
07/07/21, 67.90, 68.16, 67.47, 67.47, 70595.3710519033
07/06/21, 67.90, 68.24, 67.47, 67.64, 133356.895654817
07/05/21, 68.76, 69.19, 67.90, 68.24, 169928.032085034
07/02/21, 68.76, 68.76, 68.50, 68.76, 12569.2920226405
07/01/21, 69.10, 69.19, 68.76, 68.76, 390011.06474583
06/30/21, 69.27, 69.45, 68.76, 68.93, 314577.860107873
06/29/21, 69.53, 69.62, 69.27, 69.27, 55269.7471953616
06/28/21, 69.62, 69.96, 69.19, 69.27, 29344.637054801
06/25/21, 69.62, 70.22, 69.36, 69.62, 171395.205762767
06/23/21, 69.45, 69.62, 69.19, 69.36, 80205.8822161179
06/22/21, 69.62, 69.88, 69.27, 69.53, 66412.5880452022
06/21/21, 69.70, 69.96, 69.19, 69.62, 65818.0394731787
06/18/21, 69.88, 70.31, 69.62, 69.70, 125204.250167208
06/17/21, 69.62, 70.05, 69.62, 69.88, 54112.0645551202
06/16/21, 69.53, 69.70, 69.45, 69.62, 54051.562547791
06/15/21, 69.62, 70.05, 68.93, 69.62, 171775.670308856
06/14/21, 70.99, 70.99, 69.19, 69.62, 108343.969624758
06/11/21, 70.05, 70.73, 69.88, 70.31, 143118.661837354
06/10/21, 69.45, 70.39, 69.19, 69.88, 136171.402495765
06/09/21, 69.62, 69.62, 68.76, 68.84, 205875.532439704
06/08/21, 70.48, 71.25, 68.76, 69.62, 387808.558979019
06/07/21, 68.76, 70.39, 68.67, 69.36, 110196.261849144
06/04/21, 68.67, 68.84, 68.50, 68.67, 269527.134650441
06/03/21, 68.24, 69.02, 67.13, 68.33, 115935.808044431
06/02/21, 68.07, 68.24, 67.04, 68.16, 154902.591264856
06/01/21, 67.30, 68.16, 67.30, 67.98, 151961.262908544
05/31/21, 67.90, 68.33, 67.13, 67.30, 91381.301069905
05/28/21, 67.04, 68.59, 66.87, 67.47, 73597.2014155442
05/25/21, 68.50, 68.59, 66.78, 67.73, 18745.1507707823
05/24/21, 67.04, 67.47, 65.92, 67.04, 18426.351732163
05/21/21, 68.59, 68.59, 66.61, 67.30, 40671.3109269111
05/20/21, 68.33, 69.19, 67.55, 68.84, 33420.3780485352
05/19/21, 68.76, 69.79, 67.55, 68.33, 14335.4852365966
05/18/21, 67.98, 69.62, 67.04, 69.36, 38825.9997033706
05/17/21, 64.89, 68.16, 64.72, 67.90, 86064.1054257814
05/13/21, 64.37, 64.89, 64.37, 64.89, 24357.8754507062
05/12/21, 64.46, 64.89, 64.46, 64.55, 19985.4419210308
05/11/21, 64.46, 65.23, 64.46, 64.55, 50244.5900866155
05/10/21, 64.72, 64.72, 64.46, 64.46, 37721.8380696128
05/07/21, 64.55, 65.32, 64.55, 64.72, 72801.3673191371
05/06/21, 65.66, 65.75, 64.46, 64.55, 55569.9302317257
05/05/21, 64.37, 65.66, 64.37, 64.98, 22803.4392624022
05/04/21, 65.32, 65.32, 64.37, 64.37, 186476.49458971
05/03/21, 64.80, 65.32, 64.80, 64.89, 149922.810661607
04/30/21, 65.32, 65.32, 64.72, 64.89, 53308.0859577265
04/29/21, 65.75, 65.75, 64.89, 65.23, 70469.7130366811
04/28/21, 64.80, 66.09, 64.80, 65.23, 31322.5872944094
04/27/21, 64.46, 67.47, 64.46, 64.55, 186779.004626356
04/23/21, 65.66, 66.18, 64.46, 65.32, 30334.7756747462
04/22/21, 66.95, 67.64, 65.32, 65.66, 61409.537439134
04/21/21, 67.47, 67.47, 66.61, 66.95, 20023.837425682
04/20/21, 68.41, 68.41, 67.04, 67.13, 76739.8152962396
04/19/21, 68.50, 68.50, 68.07, 68.24, 37069.1144905421
04/16/21, 68.59, 68.76, 68.50, 68.67, 26589.4687210407
04/15/21, 68.33, 68.76, 68.33, 68.59, 16698.5540228581
04/12/21, 69.19, 69.53, 67.90, 68.76, 42552.6906548209
04/09/21, 68.20, 69.46, 67.36, 67.52, 244919.002144475
04/08/21, 68.20, 68.45, 67.78, 68.20, 103799.107476005
04/07/21, 67.36, 67.44, 66.93, 67.36, 142492.908162025
04/06/21, 67.36, 67.36, 66.51, 67.36, 33035.4648008148
04/05/21, 67.36, 67.36, 66.93, 66.93, 307802.069966951
04/01/21, 68.03, 68.03, 67.19, 67.36, 13765.7667736192
03/31/21, 67.78, 68.11, 67.36, 68.03, 3151.04221315028
03/30/21, 67.44, 68.20, 66.93, 67.44, 91775.7375839132
03/29/21, 68.62, 68.62, 67.27, 67.78, 10708.5550673814
03/26/21, 67.61, 68.20, 67.36, 68.20, 15768.276073043
03/25/21, 68.62, 68.62, 67.36, 68.11, 18926.4446538069
03/24/21, 67.69, 68.20, 67.36, 67.69, 23297.2834568197
03/23/21, 67.78, 68.62, 67.02, 67.36, 22296.0288071078
03/22/21, 67.10, 67.78, 67.02, 67.52, 28437.7699621022
03/19/21, 67.36, 67.36, 66.68, 67.36, 35703.1017441754
03/18/21, 67.36, 67.36, 66.51, 67.36, 33663.7728787479
03/17/21, 68.96, 68.96, 67.36, 67.36, 47038.7771615543
03/16/21, 68.70, 69.04, 68.20, 68.87, 17216.116426541
03/15/21, 69.63, 69.63, 68.28, 68.37, 11389.123174481
03/12/21, 71.57, 71.57, 69.04, 69.21, 32620.94775129
03/10/21, 69.88, 70.72, 69.04, 69.29, 6955.33479088127
03/09/21, 71.40, 74.09, 69.04, 70.47, 100484.158807742
03/08/21, 67.36, 71.48, 67.36, 70.55, 102656.513201957
03/05/21, 67.02, 67.02, 66.35, 66.51, 43506.474281076
03/04/21, 67.36, 67.36, 66.51, 66.68, 106529.693999953
03/03/21, 68.62, 68.79, 67.36, 67.44, 133492.305866038
03/02/21, 69.88, 69.88, 68.62, 68.96, 25981.5485912787
03/01/21, 69.88, 70.72, 69.04, 69.88, 832396.556835402
02/25/21, 69.88, 72.41, 69.04, 69.80, 227926.178569827
02/24/21, 69.97, 71.57, 68.96, 69.21, 114430.460227573
02/23/21, 75.69, 75.69, 69.97, 70.39, 67138.6970157352
02/22/21, 75.10, 75.10, 72.83, 73.08, 37459.7513609297
02/19/21, 76.28, 77.37, 74.85, 74.93, 97146.6433087024
02/18/21, 75.77, 75.77, 72.83, 74.93, 258070.713575388
02/17/21, 76.95, 77.37, 73.67, 74.60, 33093.6634696593
02/16/21, 75.19, 75.77, 73.25, 74.76, 314878.553007263
02/15/21, 76.11, 79.90, 74.93, 75.35, 641143.853733136
02/12/21, 75.35, 81.67, 75.19, 76.45, 192647.095698661
02/11/21, 70.72, 74.85, 68.20, 73.33, 135961.592244153
02/10/21, 75.77, 76.62, 71.57, 72.74, 78537.322013701
02/09/21, 75.52, 77.46, 74.93, 77.12, 606810.202298709
02/08/21, 75.86, 77.80, 75.35, 75.44, 275058.786238294
02/05/21, 78.22, 78.30, 75.44, 75.77, 344511.17727258
02/03/21, 75.77, 79.06, 75.77, 77.96, 490733.551152393
02/02/21, 80.83, 80.83, 75.44, 75.86, 1667369.29556312
02/01/21, 84.19, 84.19, 74.93, 80.83, 1410008.84329322
01/29/21, 84.19, 89.04, 80.83, 82.01, 379980.296613442
01/27/21, 85.88, 85.88, 83.27, 83.69, 688784.80895804
01/26/21, 87.14, 88.40, 85.04, 86.09, 458829.991074206
01/25/21, 82.51, 87.14, 82.51, 86.09, 771407.91507021
01/22/21, 80.41, 83.35, 80.41, 82.76, 648982.858108105
01/21/21, 79.98, 82.51, 77.46, 80.24, 935858.349577696
01/20/21, 76.62, 79.98, 74.09, 78.89, 1178026.57382332
01/19/21, 72.41, 75.77, 70.72, 75.19, 1163593.30394989
01/18/21, 69.88, 75.77, 69.88, 72.15, 790380.681113505
01/15/21, 65.67, 69.04, 65.67, 68.28, 393852.958901266
01/13/21, 65.92, 66.09, 65.42, 65.67, 423023.556999634
01/12/21, 65.76, 67.10, 65.42, 65.76, 1974642.82659873
01/11/21, 65.67, 67.19, 65.67, 66.18, 214579.679757475
01/08/21, 65.67, 66.51, 65.33, 65.92, 120092.359296584
01/07/21, 67.27, 67.27, 64.83, 65.92, 208168.324361099
01/06/21, 66.51, 67.27, 66.26, 66.60, 82764.4457365061
01/05/21, 66.51, 67.36, 66.51, 66.77, 229492.791716885
01/04/21, 66.09, 66.51, 65.76, 66.35, 468355.569117729
12/31/20, 65.59, 66.18, 65.59, 65.76, 205916.392195199
12/30/20, 65.50, 65.76, 65.33, 65.59, 322743.687396815
12/28/20, 66.26, 66.35, 65.25, 65.33, 455518.60558975
12/24/20, 65.76, 66.43, 65.17, 65.25, 347934.209182983
12/23/20, 66.35, 66.35, 65.25, 65.33, 76598.9500227997
12/22/20, 67.36, 67.36, 64.83, 65.42, 148552.696089463
12/21/20, 66.77, 66.93, 66.51, 66.85, 73044.080311545
12/18/20, 66.51, 66.93, 66.18, 66.60, 65313.159178716
12/17/20, 67.36, 67.78, 66.18, 66.51, 314483.039604708
12/16/20, 68.20, 68.62, 67.27, 67.52, 89966.8279379924
12/15/20, 68.53, 68.62, 67.19, 68.11, 177357.473983666
12/14/20, 69.04, 69.54, 68.20, 68.53, 276860.569516601
12/11/20, 70.30, 70.30, 68.20, 68.87, 450666.736972819
12/10/20, 70.72, 70.89, 69.12, 70.13, 496494.03164006
12/09/20, 70.72, 71.06, 68.45, 69.12, 4137230.53399908
12/08/20, 68.20, 69.80, 68.03, 69.38, 850612.740183719
12/07/20, 65.67, 68.11, 65.67, 67.52, 4578549.85211871
12/04/20, 65.67, 66.09, 65.00, 65.50, 1620141.66965981
12/03/20, 65.50, 66.09, 65.33, 65.76, 182633.361473607
12/02/20, 64.16, 65.42, 64.16, 64.91, 121968.969434834
12/01/20, 62.72, 64.16, 62.64, 63.82, 134499.499155428
11/30/20, 62.39, 63.06, 62.22, 62.39, 122153.067264852
11/27/20, 62.64, 62.64, 62.30, 62.47, 1328076.99483957
11/26/20, 62.30, 62.64, 62.30, 62.64, 67438.0044555068
11/25/20, 62.64, 62.64, 62.30, 62.30, 42691.6929172535
11/24/20, 62.30, 62.64, 62.22, 62.39, 143350.447731529
11/23/20, 63.15, 63.15, 62.22, 62.30, 88913.3132591141
11/20/20, 62.98, 63.15, 62.39, 62.72, 28985.3125404144
11/19/20, 63.82, 63.82, 62.89, 62.98, 21085.7340407301
11/18/20, 63.65, 63.82, 62.81, 63.15, 32925.0061028039
11/17/20, 63.15, 63.48, 63.15, 63.23, 33515.3068867978
11/16/20, 63.06, 63.40, 62.64, 63.06, 53998.862864178
11/13/20, 63.99, 64.32, 62.30, 62.64, 286626.068603115
11/12/20, 63.48, 63.99, 62.72, 62.89, 43707.2003021926
11/11/20, 63.15, 64.24, 62.98, 63.40, 207050.672373698
11/10/20, 63.15, 63.57, 62.22, 62.56, 85755.1446783502
11/09/20, 63.15, 63.90, 62.47, 62.64, 83763.3249303468
11/06/20, 62.30, 63.15, 61.88, 62.72, 333777.679918551
11/05/20, 62.30, 63.82, 62.14, 62.56, 146748.537355284
11/04/20, 62.39, 62.64, 62.22, 62.47, 137718.241860908
11/03/20, 62.30, 62.64, 62.05, 62.47, 27162.1501592664
11/02/20, 61.55, 62.30, 61.55, 61.71, 22551.3903132621
10/29/20, 62.14, 62.56, 61.46, 62.47, 77414.9191145578
10/28/20, 62.47, 63.06, 60.62, 61.13, 215906.371861542
10/27/20, 62.72, 62.72, 62.39, 62.47, 97913.9155551008
10/26/20, 63.23, 63.23, 62.30, 62.47, 118539.998884753
10/23/20, 63.99, 63.99, 63.23, 63.40, 104104.353555455
10/22/20, 63.90, 64.49, 62.64, 63.40, 370322.880769068
10/21/20, 67.27, 67.27, 63.82, 64.16, 619015.294564948
10/20/20, 69.88, 70.64, 69.29, 70.22, 195697.181037285
10/19/20, 70.13, 70.55, 69.46, 70.22, 54321.9248626615
10/16/20, 70.64, 70.72, 69.46, 70.22, 76475.4263174972
10/15/20, 70.72, 71.57, 70.30, 70.64, 101397.521590219
10/14/20, 68.70, 70.30, 67.19, 69.04, 355473.90611818
10/13/20, 68.70, 69.46, 67.19, 68.20, 92854.1945494392
10/12/20, 69.46, 70.22, 68.62, 68.96, 167961.358285124
10/09/20, 69.04, 70.64, 69.04, 69.46, 247787.365108952
10/08/20, 66.43, 68.96, 66.43, 67.94, 248507.128237926
10/07/20, 65.67, 67.36, 65.59, 66.26, 54535.7158910698
10/06/20, 65.67, 71.48, 63.65, 65.76, 202473.168909891
10/05/20, 71.14, 71.57, 63.23, 67.94, 229722.023208456
10/02/20, 74.93, 75.77, 72.41, 73.25, 66892.8373330658
09/30/20, 74.51, 75.44, 72.41, 74.93, 74829.2353987537
09/29/20, 76.62, 76.62, 74.09, 75.44, 68745.6929126038
09/28/20, 77.46, 77.46, 76.20, 76.45, 57693.8844718336
09/25/20, 76.62, 76.62, 76.03, 76.62, 37548.8309560998
09/24/20, 76.62, 77.37, 76.11, 76.53, 114214.293743293
09/23/20, 77.21, 77.46, 76.03, 76.45, 177394.293549669
09/22/20, 77.96, 79.14, 77.12, 77.21, 118537.623428882
09/21/20, 78.30, 78.72, 75.44, 77.88, 270615.496031209
09/18/20, 77.46, 79.06, 76.62, 77.04, 277605.274932223
09/17/20, 72.41, 77.04, 72.41, 76.28, 454398.578146478
09/16/20, 71.57, 74.01, 71.57, 72.32, 71819.53280994
09/15/20, 71.57, 71.82, 70.98, 71.57, 125045.184788042
09/14/20, 72.41, 72.41, 70.81, 71.40, 74461.0397387173
09/11/20, 71.57, 72.41, 71.57, 71.90, 80766.6873488247
09/10/20, 71.57, 73.25, 71.57, 71.65, 111573.974542451
09/09/20, 69.88, 71.65, 69.88, 71.23, 135400.984658549
09/08/20, 69.63, 69.88, 69.04, 69.80, 51514.1360229
09/07/20, 71.14, 71.14, 68.37, 69.29, 17755.344909304
09/04/20, 71.57, 71.57, 69.80, 70.81, 71271.9902316278
09/03/20, 71.57, 72.41, 71.40, 71.57, 77806.8693333062
09/02/20, 73.25, 73.25, 71.57, 71.65, 105822.99587827
08/31/20, 73.33, 73.84, 72.83, 73.08, 12864.2812704978
08/28/20, 73.16, 73.67, 72.91, 73.33, 43806.9694487831
08/27/20, 73.42, 73.42, 71.57, 72.91, 71393.1384810591
08/26/20, 74.76, 74.76, 72.66, 72.83, 49177.8751735722
08/25/20, 75.02, 75.10, 72.83, 74.51, 96342.5514963003
08/24/20, 74.93, 76.36, 74.93, 75.02, 349339.2913308
08/21/20, 71.40, 75.69, 70.72, 74.18, 390232.764153553
08/20/20, 69.88, 71.48, 67.78, 71.06, 156605.49149284
08/19/20, 66.93, 69.88, 66.93, 69.12, 478211.335527349
08/18/20, 67.36, 67.36, 64.91, 66.68, 132890.127802688
08/17/20, 67.27, 67.36, 65.67, 66.68, 154500.837590954
08/14/20, 63.99, 67.10, 63.99, 66.26, 890149.827704015
08/13/20, 63.15, 63.99, 62.72, 63.15, 186828.41654215
08/12/20, 61.46, 63.15, 61.29, 62.81, 295067.251041433
08/11/20, 61.38, 61.38, 60.54, 60.62, 115848.607382681
08/10/20, 62.56, 62.64, 60.20, 60.62, 150883.018299112
08/07/20, 63.15, 63.99, 62.22, 62.22, 73154.5390095559
08/06/20, 62.64, 62.64, 61.04, 61.46, 51478.504184832
08/05/20, 61.46, 62.64, 61.04, 61.38, 36694.8545704025
08/04/20, 61.04, 61.04, 60.11, 60.62, 641901.62415605
07/31/20, 60.62, 60.62, 59.36, 59.86, 269894.545174299
07/30/20, 60.45, 61.04, 59.95, 60.20, 11175.3321460727
07/29/20, 61.38, 61.46, 60.45, 60.54, 110963.482383552
07/28/20, 62.22, 62.22, 60.62, 61.21, 40828.147786295
07/27/20, 62.22, 62.22, 61.63, 61.80, 24328.2313049216
07/24/20, 62.30, 62.30, 61.46, 61.71, 46232.309893281
07/23/20, 62.22, 62.30, 62.22, 62.22, 18466.7939427292
07/22/20, 63.90, 63.99, 61.46, 62.22, 199016.880617291
07/21/20, 63.15, 63.15, 62.30, 62.64, 55601.1078493041
07/20/20, 62.89, 62.89, 62.30, 62.39, 36643.7822691716
07/17/20, 61.46, 62.72, 61.46, 62.22, 7783.18116199538
07/16/20, 60.62, 61.38, 60.62, 60.70, 20997.8421734956
07/15/20, 60.62, 60.62, 58.26, 60.28, 26040.9349880587
07/14/20, 58.60, 63.06, 58.60, 61.13, 43251.1127749217
07/13/20, 58.09, 59.36, 56.41, 58.77, 55833.902524682
07/10/20, 61.04, 61.04, 59.36, 59.53, 277838.069607601
07/09/20, 61.88, 62.14, 61.04, 61.13, 120932.082947054
07/08/20, 62.30, 62.72, 61.46, 62.14, 18374.1511637523
07/07/20, 62.39, 62.56, 62.30, 62.47, 34053.3476416252
07/06/20, 62.39, 62.39, 61.04, 62.14, 20261.4508534227
07/03/20, 63.57, 63.99, 62.30, 62.47, 24565.7768920419
07/02/20, 65.00, 65.00, 63.15, 63.90, 25969.6713119226
07/01/20, 64.83, 65.17, 64.16, 64.41, 14130.3992498488
06/30/20, 64.66, 64.83, 63.99, 64.75, 19213.8748142224
06/29/20, 65.25, 65.33, 64.75, 64.83, 40315.0493181153
06/26/20, 65.84, 65.84, 65.00, 65.25, 48300.1442291629
06/25/20, 65.92, 65.92, 65.25, 65.67, 90061.8461728405
06/24/20, 65.67, 66.09, 64.91, 65.33, 89263.6930001164
06/23/20, 65.25, 66.09, 63.57, 64.83, 641033.395035126
06/22/20, 62.98, 64.83, 62.30, 64.16, 126515.591972316
06/19/20, 62.30, 63.15, 61.97, 62.56, 143419.335951794
06/18/20, 60.20, 63.57, 60.20, 62.22, 245519.992479889
06/17/20, 59.78, 60.54, 58.94, 59.44, 875058.556554265
06/16/20, 58.94, 60.20, 58.85, 58.94, 20313.7108825892
06/15/20, 59.36, 59.36, 58.77, 58.94, 41639.3659663107
06/12/20, 58.94, 59.10, 58.68, 58.94, 700506.49595449
06/11/20, 59.36, 59.36, 58.85, 58.94, 29477.0319057533
06/10/20, 59.36, 59.36, 58.52, 58.94, 264705.361823657
06/09/20, 58.77, 60.20, 58.60, 59.02, 337206.650468632
06/08/20, 58.60, 58.77, 58.60, 58.77, 81216.8362364176
06/04/20, 58.94, 58.94, 58.52, 58.68, 3097.59445604822
06/03/20, 58.60, 58.94, 58.60, 58.85, 27674.0608995105
06/02/20, 60.20, 60.20, 57.67, 58.60, 1856.41876334485
06/01/20, 60.54, 60.54, 58.09, 58.09, 20475.241881831
05/29/20, 61.29, 61.46, 60.45, 60.54, 10403.3089879319
05/28/20, 60.62, 61.29, 60.54, 60.62, 11365.3686157689
05/27/20, 60.20, 60.96, 60.20, 60.62, 44478.0357323979
05/26/20, 62.72, 63.06, 60.45, 60.62, 102952.257457922
05/22/20, 62.98, 63.99, 60.62, 61.71, 217572.75415519
05/21/20, 57.76, 61.55, 57.17, 60.54, 416316.457347293
05/20/20, 58.94, 58.94, 53.88, 56.16, 253697.499316504
05/19/20, 60.54, 63.15, 56.24, 56.49, 170715.699367783
05/18/20, 53.04, 60.62, 52.96, 58.94, 86860.919386395
05/15/20, 47.99, 52.20, 47.82, 50.52, 117921.192630305
05/14/20, 48.83, 48.83, 47.99, 48.33, 73680.7024850272
05/13/20, 49.25, 50.10, 48.83, 49.09, 117867.744873203
05/12/20, 48.83, 50.10, 47.99, 49.17, 232446.671092726
05/11/20, 50.52, 50.52, 50.52, 50.52, 1428.83670652838
03/20/20, 60.62, 60.62, 54.73, 55.74, 60439.9114589439
03/13/20, 64.83, 65.25, 61.46, 64.41, 48911.8241159975
03/12/20, 69.46, 69.46, 64.07, 64.91, 54761.384198834
03/11/20, 67.61, 69.80, 67.52, 68.96, 52643.6652896569
03/10/20, 70.72, 70.72, 66.51, 67.94, 92095.23639859
03/06/20, 74.51, 74.51, 70.72, 71.31, 47087.4740069139
03/05/20, 75.69, 75.69, 74.51, 74.93, 10126.5683789368
03/04/20, 77.37, 77.37, 74.51, 74.60, 24973.1675739531
03/03/20, 77.46, 77.96, 76.62, 77.37, 6975.52616578649
03/02/20, 76.79, 78.30, 76.62, 77.12, 10794.0714787447
02/28/20, 80.83, 80.83, 75.77, 77.21, 24875.7738832338
02/27/20, 78.67, 78.67, 77.14, 77.86, 26732.8103200606
02/26/20, 77.86, 77.86, 76.66, 76.82, 14004.8582701021
02/25/20, 78.75, 78.75, 76.66, 78.02, 15956.9675842144
02/24/20, 79.47, 79.47, 78.51, 78.59, 17236.36532869
02/20/20, 79.47, 79.47, 78.27, 78.59, 12442.6725139459
02/19/20, 77.86, 79.87, 77.86, 79.07, 73630.7728210627
02/18/20, 76.74, 77.06, 75.94, 76.10, 19335.4745783896
02/17/20, 76.42, 76.74, 76.26, 76.50, 5064.02320476474
02/14/20, 76.90, 76.90, 75.46, 76.34, 35556.5437417946
02/13/20, 77.06, 77.06, 76.74, 76.90, 4481.00651107965
02/12/20, 77.54, 77.54, 76.90, 77.06, 24626.2264973652
02/11/20, 79.07, 79.07, 77.22, 77.30, 22411.2613662282
02/10/20, 77.86, 79.39, 77.86, 77.94, 2403.07521820201
02/07/20, 78.59, 78.59, 77.86, 77.86, 10344.8090264124
02/06/20, 79.39, 79.39, 78.27, 78.67, 4040.00670431785
02/05/20, 78.67, 79.47, 78.27, 78.59, 5988.37873193213
02/03/20, 78.67, 78.67, 77.94, 78.02, 10466.8937186798
01/31/20, 78.67, 78.67, 78.67, 78.67, 7170.60702746023
01/30/20, 78.67, 78.67, 77.86, 78.67, 1615.75352929394
01/29/20, 78.67, 78.99, 77.86, 77.86, 40371.4145133606
01/28/20, 77.86, 78.99, 77.86, 78.27, 29814.8259187293
01/27/20, 79.47, 79.47, 79.07, 79.39, 2765.5920085062
01/24/20, 79.87, 79.87, 79.07, 79.39, 48142.4789048299
01/23/20, 79.47, 80.11, 79.07, 79.23, 28498.0553092738
01/22/20, 78.27, 80.27, 78.27, 79.39, 42663.6168987892
01/21/20, 78.27, 78.27, 77.06, 78.19, 43787.2943725156
01/20/20, 78.67, 79.47, 77.86, 77.86, 5886.22623432064
01/17/20, 78.02, 79.47, 77.86, 77.86, 5730.50596357142
01/16/20, 79.31, 79.31, 77.94, 78.67, 10252.6226261289
01/14/20, 80.27, 80.27, 79.47, 79.87, 40418.7534756684
01/13/20, 80.27, 80.27, 79.47, 80.03, 48110.089088514
01/09/20, 79.47, 80.27, 78.67, 80.27, 66485.0810369224
01/08/20, 80.19, 80.19, 77.06, 77.70, 109554.816401826
01/07/20, 79.47, 80.35, 79.47, 79.63, 13246.1891110119
01/06/20, 81.07, 81.07, 79.47, 80.51, 44126.1416816659
01/03/20, 81.07, 82.68, 80.27, 81.07, 41756.7020419457
01/02/20, 83.48, 83.48, 80.27, 81.07, 12303.1471513546
12/31/19, 81.07, 84.29, 80.27, 80.27, 188559.807206985
12/30/19, 81.88, 83.88, 80.27, 80.67, 450811.429581167
12/27/19, 81.07, 81.88, 81.07, 81.07, 317.669352328415
12/26/19, 78.83, 81.88, 78.83, 80.51, 19802.6353906372
12/24/19, 78.67, 80.27, 78.67, 78.67, 32570.4518299075
12/23/19, 80.27, 80.27, 78.67, 78.83, 33479.858211083
12/20/19, 80.27, 80.27, 79.47, 80.27, 29017.5381324933
12/19/19, 81.07, 81.07, 79.47, 80.27, 24553.9722917375
12/18/19, 81.88, 81.88, 81.07, 81.07, 12162.3760265973
12/17/19, 81.88, 81.88, 81.56, 81.88, 1357.88076093323
12/16/19, 82.68, 82.76, 81.88, 81.88, 9936.19903596644
12/13/19, 81.96, 84.04, 81.88, 83.96, 4319.05742950046
12/12/19, 81.88, 82.68, 81.88, 82.68, 3438.30357814285
12/10/19, 82.76, 82.76, 81.96, 82.28, 8400.1742852961
12/09/19, 84.13, 84.13, 82.68, 83.08, 161580.335978058
12/06/19, 84.29, 84.29, 84.29, 84.29, 4629.25220883291
12/05/19, 85.57, 85.57, 84.29, 84.29, 33831.1631418932
12/04/19, 85.41, 85.89, 85.41, 85.89, 33248.1464482082
12/03/19, 86.21, 86.69, 85.09, 85.89, 9618.52968363802
12/02/19, 86.37, 86.69, 86.21, 86.37, 24090.5487659878
11/29/19, 86.85, 88.14, 86.69, 86.69, 48776.5718473207
11/28/19, 86.29, 87.50, 86.29, 87.10, 53721.00188415
11/27/19, 85.73, 85.73, 85.09, 85.33, 13604.9686148181
11/26/19, 84.37, 86.05, 84.37, 85.57, 148071.291050021
11/25/19, 84.29, 87.50, 84.29, 84.37, 19456.3135084909
11/22/19, 88.22, 88.22, 83.88, 84.61, 199995.903890808
11/21/19, 84.29, 85.09, 84.29, 84.29, 58869.7369162024
11/20/19, 85.09, 85.09, 84.29, 84.37, 156280.86372392
11/19/19, 85.89, 86.69, 85.09, 85.73, 52374.3329827107
11/18/19, 86.05, 89.90, 85.89, 86.69, 83677.8446898026
11/15/19, 84.29, 85.49, 84.29, 84.93, 23384.2016178694
11/14/19, 84.45, 84.45, 83.48, 83.80, 20227.4402892411
11/13/19, 84.21, 84.29, 83.96, 84.21, 10521.7072539835
11/08/19, 83.48, 84.29, 83.48, 84.21, 1729.11788639937
11/07/19, 84.29, 84.29, 83.48, 83.88, 2883.93941427561
11/06/19, 84.93, 84.93, 84.29, 84.29, 13288.5450246557
11/05/19, 84.53, 85.09, 84.53, 84.93, 379.957460628105
11/04/19, 86.13, 88.30, 84.45, 84.93, 12007.9015180141
11/01/19, 85.09, 86.13, 84.29, 85.57, 39405.9488347154
10/31/19, 84.29, 85.09, 83.88, 84.45, 37340.4751634977
10/30/19, 84.29, 84.29, 83.64, 83.88, 12223.418372731
10/29/19, 84.29, 84.29, 83.88, 84.29, 6121.67528369346
10/28/19, 83.80, 84.29, 83.72, 84.13, 13663.5194366198
10/25/19, 83.24, 84.13, 82.60, 83.16, 31926.3927900887
10/24/19, 83.88, 84.13, 83.48, 83.48, 25280.2516345119
10/23/19, 83.48, 83.88, 83.48, 83.48, 11671.5457331958
10/22/19, 83.88, 83.88, 83.16, 83.48, 69736.5202901661
10/21/19, 83.48, 83.88, 83.08, 83.24, 23012.9644924032
10/18/19, 83.08, 83.88, 83.08, 83.08, 11488.4186947947
10/17/19, 83.40, 83.48, 83.40, 83.08, 68.5169191296582
10/16/19, 83.88, 83.88, 83.08, 83.08, 4206.93883456102
10/15/19, 83.48, 84.29, 83.32, 83.48, 13617.4262364781
10/14/19, 83.40, 84.29, 83.08, 83.72, 12691.8249471447
10/11/19, 82.68, 83.48, 82.68, 83.48, 9543.78395367839
10/10/19, 82.68, 83.88, 82.36, 83.56, 74428.0606072988
10/09/19, 84.21, 84.21, 81.48, 82.68, 82652.5824271897
10/08/19, 82.60, 82.60, 79.87, 79.87, 5021.66729112095
10/07/19, 86.69, 86.69, 79.39, 79.47, 14232.832746479
10/04/19, 79.47, 79.47, 79.47, 78.67, 1.24576216599379
10/03/19, 79.39, 79.39, 78.27, 78.67, 8832.45375689594
10/02/19, 78.67, 78.67, 78.27, 78.67, 945.533483989284
10/01/19, 78.75, 78.75, 78.43, 78.67, 1795.14328119705
09/30/19, 78.75, 79.47, 78.35, 78.51, 11088.5290395107
09/27/19, 79.07, 79.47, 78.67, 78.83, 195265.74494653
09/26/19, 79.47, 79.47, 78.27, 78.67, 15524.6881126146
09/25/19, 79.47, 79.47, 78.35, 78.67, 84212.2766590139
09/24/19, 80.27, 80.27, 79.07, 79.47, 278396.700045461
09/23/19, 80.27, 80.27, 78.83, 79.47, 309021.271372087
09/20/19, 80.27, 80.27, 78.67, 79.39, 40127.2451288258
09/19/19, 79.47, 82.52, 79.47, 80.27, 58149.6863842579
09/18/19, 79.23, 79.47, 78.59, 78.67, 38744.4491245727
09/17/19, 79.47, 80.27, 79.47, 79.47, 14260.2395141309
09/16/19, 80.67, 80.67, 79.55, 79.71, 36256.6620790831
09/12/19, 80.27, 80.27, 79.87, 80.27, 20831.6349397481
09/11/19, 80.27, 81.88, 80.27, 80.27, 16528.7724184056
09/10/19, 81.88, 82.52, 80.27, 80.43, 26199.6241130153
09/09/19, 81.48, 82.52, 81.48, 82.44, 3398.43918883105
09/06/19, 82.44, 82.68, 81.07, 81.48, 20444.202906124
09/05/19, 83.96, 83.96, 82.52, 82.68, 74677.2130404975
09/04/19, 84.13, 84.13, 82.68, 83.48, 46592.7507703336
09/03/19, 84.29, 84.45, 84.04, 84.04, 2110.32110919347
09/02/19, 84.85, 85.09, 84.29, 84.29, 2935.01566308136
08/30/19, 85.33, 85.73, 83.88, 84.53, 17937.7294281445
08/29/19, 85.17, 85.89, 84.69, 85.25, 4883.38769069564
08/28/19, 85.89, 86.69, 85.09, 85.89, 4564.47257620123
08/27/19, 84.29, 86.69, 84.29, 85.73, 157912.812161372
08/26/19, 86.69, 86.69, 83.48, 84.29, 8564.61489120728
08/23/19, 87.50, 87.50, 84.29, 85.89, 50024.8255376465
08/22/19, 88.14, 88.14, 85.17, 85.81, 1594.57557247205
08/21/19, 85.89, 88.30, 85.49, 85.89, 4422.45568927794
08/20/19, 85.89, 87.50, 84.29, 85.01, 68928.0206444362
08/19/19, 84.45, 85.09, 84.29, 84.29, 29566.9192476965
08/16/19, 85.09, 85.89, 84.69, 84.77, 17882.9158928408
08/15/19, 88.30, 88.30, 85.01, 85.09, 194092.236986164
08/13/19, 89.90, 92.96, 88.30, 89.42, 89375.9608370582
08/09/19, 85.89, 89.90, 85.17, 89.50, 277214.471749933
08/08/19, 85.89, 85.89, 84.45, 84.85, 8618.18266434501
08/07/19, 85.17, 87.90, 84.37, 85.49, 5334.35359478539
08/06/19, 84.37, 84.37, 83.48, 84.29, 52310.7991122451
08/05/19, 84.61, 85.81, 84.29, 84.29, 26692.9459307488
08/02/19, 87.10, 87.10, 82.68, 85.81, 58864.7538675384
08/01/19, 91.51, 91.51, 85.81, 85.97, 20247.372483897
07/31/19, 93.04, 93.04, 86.85, 88.22, 12831.350309736
07/30/19, 91.91, 95.93, 88.30, 88.70, 201804.750555831
07/29/19, 86.69, 91.91, 85.09, 90.79, 99279.7700567088
07/26/19, 86.69, 87.50, 86.13, 86.69, 14519.3580446576
07/25/19, 86.93, 87.50, 85.89, 86.93, 50449.6304362503
07/24/19, 84.93, 85.89, 83.88, 84.93, 18545.6613651495
07/23/19, 84.29, 85.09, 83.08, 84.29, 12969.6299101613
07/22/19, 82.76, 86.29, 82.68, 82.76, 33173.4007182485
07/19/19, 85.81, 86.29, 84.29, 85.81, 36447.2636904802
07/18/19, 84.29, 84.53, 84.21, 84.29, 78141.6776241262
07/17/19, 84.29, 84.53, 82.68, 84.29, 65697.7593480143
07/15/19, 83.08, 83.48, 82.28, 83.08, 11966.7913665363
07/12/19, 83.00, 83.08, 82.28, 83.00, 3812.03222794098
07/11/19, 83.00, 83.48, 81.07, 83.00, 65920.7507757272
07/10/19, 82.04, 83.48, 82.04, 82.04, 11818.545668783
07/09/19, 81.88, 82.68, 80.27, 81.88, 38497.788215706
07/08/19, 80.35, 81.07, 80.11, 80.35, 73533.6033721152
07/05/19, 80.27, 81.07, 77.86, 80.27, 207235.027837398
07/04/19, 77.46, 78.59, 75.86, 77.46, 114988.83096989
07/03/19, 74.73, 75.86, 73.05, 74.73, 199096.463606961
07/02/19, 73.53, 75.38, 71.44, 73.53, 233300.109636486
07/01/19, 71.84, 72.08, 71.44, 71.84, 10344.8090264124
06/28/19, 72.16, 72.16, 71.44, 72.16, 66551.10643172
06/27/19, 71.44, 72.24, 70.88, 71.44, 27647.1997499001
06/26/19, 71.84, 72.16, 70.64, 71.84, 17834.331168367
06/25/19, 72.00, 72.24, 71.92, 72.00, 1811.33818935496
06/24/19, 72.16, 72.24, 71.84, 72.16, 16759.2384191144
06/21/19, 72.24, 72.24, 72.16, 72.24, 2875.21907911366
06/20/19, 72.24, 72.97, 72.08, 72.24, 25570.5142191884
06/19/19, 72.24, 72.97, 72.24, 72.24, 31697.1725515459
06/18/19, 72.24, 73.05, 71.92, 72.24, 100616.47286082
06/17/19, 72.24, 73.05, 72.24, 72.24, 8099.9456032916
06/14/19, 73.45, 73.77, 72.33, 73.45, 33271.815929362
06/13/19, 72.24, 73.05, 72.08, 72.24, 22539.5748693256
06/12/19, 73.05, 73.85, 73.05, 73.05, 3405.91376182701
06/11/19, 72.24, 74.57, 71.04, 72.24, 5700.60767158756
06/10/19, 71.60, 72.16, 70.48, 71.60, 245.415146700776
06/07/19, 69.84, 71.28, 69.84, 69.84, 2345.7701585663
06/06/19, 69.44, 70.56, 69.44, 69.44, 10856.8172766358
06/04/19, 70.56, 70.64, 69.84, 70.56, 1237.04183083183
06/03/19, 69.76, 70.64, 69.44, 69.76, 26900.9882124698
05/31/19, 70.80, 71.84, 70.64, 70.80, 27624.7760309122
05/30/19, 71.20, 71.76, 70.24, 71.20, 20342.0504085125
05/29/19, 69.84, 69.84, 69.03, 69.84, 209625.64543394
05/28/19, 69.03, 69.03, 68.79, 69.03, 15701.5863401857
05/27/19, 68.87, 69.03, 68.79, 68.87, 8942.08082750339
05/24/19, 69.03, 70.64, 69.03, 69.03, 41060.3209911552
05/23/19, 69.52, 70.24, 69.44, 69.52, 97743.7453060384
05/22/19, 70.08, 70.24, 70.00, 70.08, 4604.33696551303
05/21/19, 70.24, 73.05, 69.92, 70.24, 88832.8085326849
05/17/19, 70.56, 70.64, 70.32, 70.56, 7543.08991509237
05/16/19, 70.64, 72.24, 70.64, 70.64, 12254.5624268809
05/15/19, 69.60, 70.24, 69.44, 69.60, 12395.3335516382
05/14/19, 70.96, 72.24, 69.44, 70.96, 14486.9682283417
05/13/19, 72.24, 73.85, 71.52, 72.24, 4285.42185101862
05/10/19, 70.08, 74.25, 69.84, 70.08, 39141.8472555248
05/09/19, 74.01, 76.26, 73.93, 74.01, 1379.05871775512
05/08/19, 74.17, 74.33, 73.93, 74.17, 1473.73664237065
05/07/19, 74.73, 77.78, 74.01, 74.73, 6446.81920901784
05/06/19, 76.26, 77.78, 75.46, 76.26, 34333.2052947887
05/03/19, 77.06, 77.78, 77.06, 77.06, 1857.43138949673
05/02/19, 77.70, 77.86, 77.06, 77.70, 428.542185101862
04/30/19, 76.34, 77.06, 76.26, 76.34, 16713.1452189726
04/29/19, 76.58, 78.27, 76.26, 76.58, 18864.5764796439
04/26/19, 76.50, 77.06, 76.26, 76.50, 27961.1318157305
04/25/19, 76.50, 80.11, 76.50, 76.50, 10930.3172444295
04/24/19, 79.39, 79.87, 77.46, 79.39, 191.847373563043
04/23/19, 77.06, 79.55, 76.26, 77.06, 33385.1802864675
04/18/19, 80.27, 80.27, 79.63, 80.27, 27895.1064209329
04/17/19, 79.55, 80.27, 79.55, 79.55, 1544.74508583229
04/16/19, 79.63, 81.07, 79.55, 79.63, 2092.88043886956
04/12/19, 79.47, 79.55, 79.47, 79.47, 1597.06709680403
04/11/19, 80.19, 83.08, 79.47, 80.19, 22922.0238542857
04/10/19, 79.47, 79.79, 77.46, 79.47, 35934.0096780908
04/09/19, 77.06, 77.06, 76.10, 77.06, 171243.713099672
04/08/19, 76.34, 77.06, 76.26, 76.34, 19440.118600333
04/05/19, 76.66, 77.86, 76.50, 76.66, 1563.4315183222
04/04/19, 77.06, 77.06, 76.42, 77.06, 11432.359397325
04/03/19, 76.90, 77.06, 76.26, 76.90, 7235.38666009191
04/02/19, 75.54, 77.06, 74.89, 75.54, 6568.90390128523
04/01/19, 75.94, 77.06, 74.65, 75.94, 4132.19310460139
03/29/19, 75.62, 79.47, 75.13, 75.62, 13629.883858138
03/28/19, 75.78, 76.26, 74.65, 75.78, 20046.804775172
03/27/19, 74.49, 74.65, 74.33, 74.49, 3275.10873439766
03/26/19, 74.65, 74.97, 74.57, 74.65, 6131.64138102142
03/25/19, 74.01, 75.46, 73.85, 74.01, 3721.09158982344
03/22/19, 74.81, 76.42, 74.65, 74.81, 384074.704586714
03/21/19, 76.26, 78.27, 76.26, 76.26, 49510.325763091
03/19/19, 77.86, 78.27, 77.06, 77.86, 2247.35494745279
03/18/19, 77.22, 78.27, 77.06, 77.22, 8082.50493296768
03/15/19, 77.78, 79.07, 77.46, 77.78, 7371.17473618523
03/14/19, 77.94, 79.79, 77.06, 77.94, 5206.04009168803
03/13/19, 78.19, 79.87, 77.86, 78.19, 5953.4973912843
03/12/19, 78.75, 80.27, 78.67, 78.75, 12714.2486661326
03/11/19, 80.11, 81.07, 79.95, 80.11, 5036.61643711288
03/08/19, 80.91, 81.88, 80.35, 80.91, 1233481.44256142
03/07/19, 81.88, 81.88, 81.80, 81.88, 6129.14985668943
03/06/19, 81.64, 84.21, 81.16, 81.64, 8624.41147517498
03/05/19, 83.20, 83.35, 80.61, 83.20, 2634971.2328046
03/01/19, 80.91, 82.97, 80.91, 80.91, 132.691459267121
02/28/19, 84.41, 84.49, 81.37, 84.41, 1409206.94539967
02/27/19, 81.67, 82.21, 81.06, 81.67, 29160.5903949804
02/26/19, 80.84, 81.44, 80.61, 80.84, 6203.65416494403
02/25/19, 80.68, 81.44, 80.61, 80.68, 2649.88785486915
02/21/19, 81.83, 81.83, 79.92, 81.83, 18844.8147695801
02/20/19, 81.52, 82.21, 81.44, 81.52, 1203.41957117508
02/18/19, 81.83, 82.21, 81.83, 81.83, 7380.79819963057
02/15/19, 81.83, 82.97, 81.83, 81.83, 17571.7650267104
02/14/19, 82.43, 82.97, 81.83, 82.43, 15368.5612921464
02/13/19, 81.44, 81.83, 81.37, 81.44, 21853.3636975178
02/12/19, 81.44, 81.83, 80.68, 81.44, 160973.13296656
02/11/19, 79.69, 79.92, 79.62, 79.69, 200311.552420376
02/08/19, 79.92, 79.92, 79.24, 79.92, 399.388154625791
02/07/19, 79.92, 79.92, 78.86, 79.92, 25095.7649002035
02/06/19, 79.16, 79.16, 79.08, 79.16, 10946.3885011253
02/05/19, 79.31, 79.54, 79.16, 79.31, 3336.99313404444
02/01/19, 79.16, 79.92, 79.08, 79.16, 3844.11098827324
01/31/19, 79.16, 79.92, 79.16, 79.16, 2980.95961462474
01/30/19, 79.92, 80.68, 79.16, 79.92, 25924.7580764169
01/29/19, 80.23, 80.61, 79.92, 80.23, 6790.91240546287
01/28/19, 79.92, 80.30, 79.92, 79.92, 8502.76360769118
01/25/19, 79.77, 79.92, 78.40, 79.77, 18007.9389324201
01/24/19, 78.40, 81.06, 78.10, 78.40, 6668.73116079117
01/23/19, 78.40, 79.92, 78.40, 78.40, 14542.1956695818
01/22/19, 79.92, 80.00, 79.08, 79.92, 289192.495923332
01/21/19, 79.77, 81.06, 79.54, 79.77, 45648.4895415386
01/18/19, 79.92, 81.37, 79.77, 79.92, 57288.5522059613
01/17/19, 79.77, 79.92, 79.77, 79.77, 2990.15605239572
01/16/19, 79.77, 79.92, 79.62, 79.77, 6492.68506631796
01/14/19, 79.92, 79.92, 79.54, 79.92, 1093.06231792322
01/11/19, 79.77, 79.92, 79.16, 79.77, 7223.14498069934
01/10/19, 79.16, 79.77, 79.16, 79.16, 2953.37030131177
01/09/19, 79.16, 79.77, 79.16, 79.16, 27803.4589353474
01/08/19, 79.47, 79.92, 79.24, 79.47, 4874.11201862396
01/07/19, 79.92, 80.00, 79.92, 79.92, 5164.45669682232
01/04/19, 80.07, 80.91, 80.07, 80.07, 283.77579407622
01/03/19, 79.92, 80.68, 79.92, 79.92, 32322.8512113761
01/02/19, 81.06, 81.60, 80.38, 81.06, 1148.24094454915
12/31/18, 81.29, 81.44, 80.68, 81.29, 85501.90951053
12/28/18, 79.92, 80.76, 79.92, 79.92, 250549.064409638
12/27/18, 79.92, 81.06, 79.92, 79.92, 30722.6710392241
12/26/18, 81.06, 81.75, 81.06, 81.06, 1834.03244690001
12/24/18, 80.68, 81.83, 79.92, 80.68, 3865.13141746407
12/21/18, 80.07, 82.13, 79.92, 80.07, 10786.1077285452
12/20/18, 80.00, 82.13, 79.92, 80.00, 3484794.34056929
12/19/18, 79.92, 80.07, 79.92, 79.92, 72298.4524250392
12/18/18, 80.30, 81.44, 80.23, 80.30, 11205.2025355374
12/17/18, 80.07, 81.06, 79.92, 80.07, 37872.2445177555
12/14/18, 81.37, 82.21, 80.68, 81.37, 11400.955282377
12/13/18, 81.52, 82.21, 81.14, 81.52, 126665.164973475
12/12/18, 82.21, 82.59, 80.68, 82.21, 626976.341474919
12/11/18, 80.68, 82.21, 80.68, 80.68, 204939.988172832
12/10/18, 82.21, 82.97, 81.83, 82.21, 46365.8116876757
12/07/18, 82.89, 82.97, 82.21, 82.89, 99875.9417465851
12/06/18, 82.21, 82.59, 81.52, 82.21, 128291.620682116
12/05/18, 81.83, 82.21, 81.44, 81.83, 144669.162575422
12/04/18, 81.98, 83.35, 81.67, 81.98, 45572.2904857218
12/03/18, 82.66, 83.35, 81.83, 82.66, 65835.984225683
11/30/18, 82.13, 82.13, 80.91, 82.13, 469422.969582343
11/29/18, 81.06, 82.21, 80.68, 81.06, 772235.389844509
11/28/18, 81.67, 81.83, 81.44, 81.67, 58439.4207041593
11/27/18, 81.44, 81.44, 79.92, 81.44, 691664.084756053
11/26/18, 79.92, 79.92, 79.16, 79.92, 22979.2704360517
11/23/18, 79.92, 80.99, 78.78, 79.92, 76225.3313532513
11/21/18, 80.38, 81.29, 78.40, 80.38, 3264470.02578242
11/19/18, 78.93, 79.16, 77.64, 78.93, 44050.9369230354
11/16/18, 77.94, 78.40, 77.26, 77.94, 648867.804700346
11/15/18, 79.31, 79.47, 76.88, 79.31, 17499.5073013669
11/14/18, 76.34, 77.26, 76.04, 76.34, 1050761.33173032
11/13/18, 78.25, 78.78, 76.88, 78.25, 215732.6647855
11/12/18, 78.40, 78.40, 76.19, 78.40, 31093.1561037125
11/09/18, 76.12, 79.77, 76.12, 76.12, 2425694.46733434
11/08/18, 76.12, 78.40, 76.04, 76.12, 614433.714132115
11/07/18, 76.12, 79.92, 76.12, 76.12, 7347010.48725996
11/05/18, 79.62, 80.68, 79.16, 79.62, 221116.522212001
11/02/18, 79.92, 85.25, 79.85, 79.92, 2250751.94539365
11/01/18, 83.80, 85.10, 79.92, 83.80, 1685077.74432331
10/31/18, 79.92, 82.21, 79.62, 79.92, 622989.028812784
10/30/18, 81.06, 81.44, 79.92, 81.06, 52364.5166680091
10/29/18, 79.16, 82.97, 77.64, 79.16, 33213.5918983376
10/26/18, 77.56, 78.32, 75.36, 77.56, 1986466.0305078
10/25/18, 75.36, 75.74, 75.36, 75.36, 16054.3527944973
10/23/18, 75.51, 75.89, 75.36, 75.51, 6869.73901492849
10/22/18, 75.36, 76.04, 75.13, 75.36, 7358.46399361531
10/19/18, 75.13, 76.12, 75.05, 75.13, 619521.971773121
10/18/18, 76.12, 76.88, 75.81, 76.12, 29632.2362749497
10/17/18, 75.51, 77.18, 75.36, 75.51, 31848.577777758
10/16/18, 75.13, 76.88, 74.59, 75.13, 44338.6540475849
10/15/18, 75.28, 77.64, 74.59, 75.28, 140882.857767423
10/12/18, 77.64, 78.70, 77.56, 77.64, 65259.2361997596
10/11/18, 78.32, 79.08, 78.32, 78.32, 22296.1064873497
10/10/18, 79.54, 80.68, 78.78, 79.54, 36436.2864486569
10/09/18, 79.62, 80.30, 79.54, 79.62, 13061.5691884527
10/08/18, 79.77, 79.92, 79.54, 79.77, 15012.5277727267
10/05/18, 79.92, 79.92, 79.16, 79.92, 31866.9706533
10/04/18, 79.08, 79.85, 78.78, 79.08, 160622.354554438
10/03/18, 79.16, 79.77, 78.93, 79.16, 253921.529517942
10/02/18, 78.93, 79.85, 78.78, 78.93, 300257.124338656
10/01/18, 78.93, 79.16, 78.86, 78.93, 181825.398723865
09/28/18, 79.16, 80.30, 78.40, 79.16, 100649.756296173
09/27/18, 79.08, 80.30, 78.86, 79.08, 22616.6680325098
09/26/18, 79.39, 80.68, 78.48, 79.39, 58683.7831935027
09/25/18, 78.55, 79.16, 78.40, 78.55, 158229.966957157
09/21/18, 79.47, 79.92, 78.02, 79.47, 398291.150977394
09/20/18, 79.16, 80.99, 79.01, 79.16, 14437.0935236277
09/19/18, 80.38, 81.06, 80.38, 80.38, 2977.01828415146
09/18/18, 79.77, 81.83, 79.69, 79.77, 77792.6671047926
09/17/18, 82.21, 82.59, 80.91, 82.21, 8659.10304979799
09/14/18, 82.13, 82.89, 81.98, 82.13, 23737.319663746
09/13/18, 82.21, 83.65, 82.21, 82.21, 12159.0045100714
09/12/18, 82.97, 85.25, 82.59, 82.97, 16912.249060848
09/11/18, 85.23, 85.75, 84.26, 85.23, 195862.50081141
09/10/18, 84.93, 85.38, 83.67, 84.93, 9980.13523384647
09/07/18, 84.49, 85.38, 84.26, 84.49, 6931.91602039135
09/06/18, 85.38, 85.75, 85.08, 85.38, 39097.1328416501
09/05/18, 85.31, 85.75, 85.01, 85.31, 6402.19908712484
09/04/18, 85.75, 86.35, 85.75, 85.75, 49482.2668447282
09/03/18, 86.13, 86.50, 86.13, 86.13, 8720.88409375216
08/31/18, 86.28, 86.50, 84.41, 86.28, 10457.55100155
08/30/18, 85.46, 86.50, 84.26, 85.46, 20219.0941844535
08/29/18, 84.86, 84.93, 84.26, 84.86, 19999.1610779834
08/28/18, 83.67, 84.26, 83.52, 83.67, 16794.0383678392
08/27/18, 83.52, 83.52, 82.25, 83.52, 27967.7130209444
08/24/18, 83.52, 83.67, 82.77, 83.52, 44561.9341152223
08/23/18, 83.14, 83.44, 82.85, 83.14, 2226.15217524659
08/21/18, 83.07, 84.26, 82.85, 83.07, 410.362991340637
08/20/18, 83.59, 84.93, 83.52, 83.59, 2042.42756801239
08/17/18, 83.67, 84.86, 83.52, 83.67, 4503.26446052895
08/16/18, 83.74, 85.01, 83.52, 83.74, 2215.42373102854
08/15/18, 85.01, 85.75, 85.01, 85.01, 20204.3425736537
08/14/18, 85.60, 86.50, 85.08, 85.60, 5537.21827204408
08/13/18, 85.75, 86.80, 85.75, 85.75, 7949.7771655794
08/10/18, 86.95, 87.24, 85.01, 86.95, 6835.36002242884
08/09/18, 85.46, 85.75, 85.38, 85.46, 4036.57713704352
08/08/18, 85.75, 85.75, 85.46, 85.75, 2392.44306062646
08/07/18, 85.75, 85.46, 85.46, 85.75, 6.70527763628492
08/06/18, 85.75, 85.83, 85.38, 85.75, 2656.63099949608
08/03/18, 85.83, 86.50, 85.75, 85.83, 1823.8355170695
08/02/18, 85.08, 85.83, 85.01, 85.08, 6015.97509527483
08/01/18, 86.13, 87.24, 86.13, 86.13, 16560.6947060965
07/31/18, 86.05, 86.87, 84.63, 86.05, 35417.2764748569
07/30/18, 84.49, 85.01, 84.26, 84.49, 9542.95113196069
07/26/18, 85.01, 85.46, 84.26, 85.01, 58382.8523791328
07/25/18, 85.60, 85.75, 85.53, 85.60, 6348.55686603456
07/24/18, 85.75, 86.50, 85.75, 85.75, 64751.5250780762
07/23/18, 85.75, 89.41, 85.75, 85.75, 3042.8549913461
07/20/18, 84.34, 85.01, 83.89, 84.34, 7696.31767092783
07/19/18, 83.96, 84.26, 83.89, 83.96, 27847.0180234913
07/18/18, 84.26, 84.26, 83.96, 84.26, 6146.05748141876
07/17/18, 84.19, 85.01, 84.11, 84.19, 33747.662343422
07/16/18, 84.26, 85.75, 83.67, 84.26, 28640.9228956274
07/13/18, 85.31, 85.38, 84.26, 85.31, 18029.1505084429
07/12/18, 83.52, 84.26, 83.14, 83.52, 49302.5654040757
07/11/18, 83.14, 85.01, 82.77, 83.14, 38376.9860235131
07/10/18, 82.40, 83.89, 82.40, 82.40, 19570.0233092612
07/09/18, 82.77, 83.52, 82.40, 82.77, 29858.6013143767
07/06/18, 82.62, 85.01, 82.40, 82.62, 389704.030943243
07/05/18, 82.17, 85.75, 82.02, 82.17, 202633.49016853
07/04/18, 85.38, 87.99, 85.38, 85.38, 5678.02910240607
07/03/18, 87.62, 88.66, 87.62, 87.62, 5950.26337443924
07/02/18, 88.81, 90.23, 88.74, 88.81, 8833.53275804175
06/29/18, 90.08, 91.64, 89.48, 90.08, 16956.3060866373
06/28/18, 90.23, 92.46, 90.23, 90.23, 18869.992324033
06/26/18, 91.35, 92.46, 91.35, 91.35, 171081.135723228
06/25/18, 91.57, 92.46, 91.35, 91.57, 15961.2428854126
06/22/18, 92.46, 92.46, 92.09, 92.46, 10120.9460642085
06/21/18, 92.32, 93.06, 91.35, 92.32, 35582.2263047095
06/20/18, 92.84, 96.19, 92.46, 92.84, 61506.1707021143
06/19/18, 98.95, 99.92, 98.43, 98.95, 11491.5048130651
06/18/18, 99.92, 100.67, 99.92, 99.92, 711454.09620932
06/14/18, 100.82, 101.26, 100.59, 100.82, 2883.26938360251
06/13/18, 100.67, 100.67, 100.29, 100.67, 81874.1220500934
06/12/18, 101.11, 101.34, 100.67, 101.11, 127820.025469445
06/11/18, 100.67, 100.67, 100.67, 100.67, 41132.8551320262
06/08/18, 100.67, 100.67, 99.92, 100.67, 78695.8204504943
06/07/18, 100.67, 101.41, 100.67, 100.67, 2762.57438614939
06/06/18, 100.74, 102.08, 100.67, 100.74, 3740.20386551973
06/05/18, 101.41, 101.41, 100.97, 101.41, 28403.5560673029
06/04/18, 101.41, 101.41, 101.19, 101.41, 22300.4123627564
06/01/18, 101.34, 101.41, 100.37, 101.34, 5250.23238921109
05/31/18, 100.67, 101.11, 100.29, 100.67, 18946.4324890867
05/30/18, 101.79, 101.79, 101.41, 101.79, 279028.059334252
05/28/18, 102.68, 102.90, 101.79, 102.68, 48343.710702087
05/25/18, 101.79, 101.79, 101.04, 101.79, 76857.233322625
05/24/18, 101.19, 101.79, 100.74, 101.19, 4035.23608151626
05/23/18, 101.41, 101.41, 100.67, 101.41, 3962.81908304439
05/22/18, 101.93, 102.16, 101.79, 101.93, 80352.0240266567
05/21/18, 102.16, 102.23, 101.79, 102.16, 188619.459908695
05/18/18, 101.49, 101.79, 101.41, 101.49, 12328.3234620734
05/17/18, 101.11, 101.41, 101.11, 101.11, 2590.91927866049
05/16/18, 101.41, 101.41, 100.89, 101.41, 10351.6076148967
05/15/18, 100.82, 101.34, 100.00, 100.82, 161385.30426116
05/14/18, 101.11, 102.08, 100.82, 101.11, 9211.71041672822
05/11/18, 101.26, 102.08, 100.67, 101.26, 59652.8319634451
05/10/18, 99.92, 100.00, 99.92, 99.92, 145834.424367088
05/09/18, 99.92, 100.00, 99.18, 99.92, 59302.8164708311
05/08/18, 99.77, 99.92, 99.55, 99.77, 954.831535406972
05/04/18, 99.77, 99.92, 99.55, 99.77, 74856.3784759576
05/03/18, 99.85, 99.92, 99.55, 99.85, 27907.3655222178
05/02/18, 99.92, 99.92, 99.77, 99.92, 92260.5971086987
05/01/18, 100.00, 100.67, 99.92, 100.00, 74966.3450291926
04/27/18, 100.29, 100.67, 100.29, 100.29, 3868.9451961364
04/26/18, 100.67, 100.67, 100.67, 100.67, 4492.53601631089
04/25/18, 100.67, 101.04, 100.29, 100.67, 22257.4985858842
04/24/18, 100.22, 100.97, 100.00, 100.22, 10517.8985002765
04/23/18, 100.89, 101.41, 100.82, 100.89, 1567.69391136341
04/20/18, 101.26, 101.41, 100.67, 101.26, 6596.6521385771
04/19/18, 100.67, 101.41, 100.67, 100.67, 15876.7563871954
04/18/18, 100.67, 100.67, 100.67, 100.67, 15959.9018298854
04/17/18, 100.67, 100.74, 100.67, 100.67, 8176.41554968583
04/16/18, 99.92, 99.92, 99.40, 99.92, 1526.12119001845
04/12/18, 99.47, 100.07, 99.18, 99.47, 1991.46745797662
04/11/18, 99.18, 99.92, 99.18, 99.18, 86417.61817644
04/10/18, 99.32, 99.32, 99.18, 99.32, 68444.7920001419
04/09/18, 99.18, 99.92, 99.18, 99.18, 58997.0558106165
04/06/18, 99.85, 99.92, 99.55, 99.85, 611.521320429184
04/05/18, 99.92, 100.67, 99.32, 99.92, 3524.29392563135
04/04/18, 100.44, 100.67, 99.25, 100.44, 4150.56685686036
04/03/18, 99.92, 99.92, 98.95, 99.92, 21010.3169455352
04/02/18, 99.18, 99.18, 99.18, 99.18, 725.511040246028
03/29/18, 99.25, 100.52, 99.18, 99.25, 2616.39933367837
03/28/18, 99.55, 99.55, 98.88, 99.55, 7509.91095263911
03/27/18, 100.67, 100.89, 98.80, 100.67, 278130.893186517
03/26/18, 99.92, 99.92, 98.80, 99.92, 109007.698533084
03/23/18, 99.77, 99.92, 98.43, 99.77, 37750.7130922841
03/22/18, 98.43, 99.92, 98.43, 98.43, 20283.4648497619
03/21/18, 98.43, 99.18, 98.06, 98.43, 24039.7613816087
03/20/18, 99.92, 100.67, 99.92, 99.92, 1854.67979419641
03/19/18, 100.07, 100.67, 99.92, 100.07, 1501.98219052782
03/16/18, 100.52, 101.04, 100.52, 100.52, 50361.9992706088
03/15/18, 100.67, 101.41, 100.52, 100.67, 315203.032182009
03/14/18, 101.41, 101.79, 100.67, 101.41, 103915.710696089
03/13/18, 102.16, 102.53, 101.79, 102.16, 33735.5928436767
03/12/18, 102.16, 102.46, 101.49, 102.16, 26646.7733265963
03/09/18, 101.86, 102.83, 100.67, 101.86, 17829.3332348816
03/08/18, 100.74, 101.19, 100.29, 100.74, 20998.2474457898
03/07/18, 100.52, 100.67, 100.29, 100.52, 36130.7180153576
03/06/18, 100.67, 101.34, 100.29, 100.67, 615264.206405759
03/05/18, 100.67, 102.16, 100.59, 100.67, 148245.642205096
03/02/18, 100.59, 100.88, 100.16, 100.59, 48663.1999296344
02/28/18, 100.45, 100.88, 100.16, 100.45, 45848.7419385522
02/27/18, 100.23, 100.81, 99.80, 100.23, 21773.1910365332
02/26/18, 100.88, 100.88, 99.80, 100.88, 5703.85717127613
02/23/18, 99.80, 100.88, 99.80, 99.80, 28485.9786612199
02/22/18, 99.80, 101.89, 99.80, 99.80, 25892.1808380776
02/21/18, 99.80, 100.30, 99.44, 99.80, 41708.9351400323
02/20/18, 99.08, 99.15, 98.72, 99.08, 22723.8338984125
02/19/18, 98.72, 98.79, 98.36, 98.72, 13293.734268529
02/16/18, 98.50, 99.15, 98.29, 98.50, 41603.4623553567
02/15/18, 99.22, 99.44, 99.15, 99.22, 2328.72806165483
02/14/18, 99.80, 100.52, 99.44, 99.80, 55653.547513994
02/12/18, 100.16, 101.24, 99.44, 100.16, 20694.8705932043
02/09/18, 100.95, 101.60, 99.87, 100.95, 8455.86417143199
02/08/18, 100.23, 100.88, 98.72, 100.23, 106258.27936154
02/07/18, 98.07, 99.08, 98.00, 98.07, 552032.064794249
02/06/18, 98.79, 99.44, 98.72, 98.79, 159573.38421529
02/02/18, 98.72, 100.81, 98.72, 98.72, 239382.975019609
02/01/18, 97.28, 97.42, 97.20, 97.28, 55629.9549174218
01/30/18, 97.35, 98.00, 96.77, 97.35, 10563.9320651469
01/29/18, 97.28, 98.00, 97.28, 97.28, 2692.3316088262
01/26/18, 98.00, 98.00, 97.28, 98.00, 3994.08781969166
01/25/18, 97.28, 98.00, 97.20, 97.28, 54491.9590827633
01/24/18, 97.35, 99.44, 97.35, 97.35, 215.108968746423
01/23/18, 97.28, 98.00, 96.70, 97.28, 5141.7982529387
01/19/18, 96.77, 97.35, 96.63, 96.77, 761.902089301848
01/18/18, 96.77, 97.42, 96.56, 96.77, 122614.887785058
01/17/18, 97.35, 98.14, 97.28, 97.35, 10729.0802411523
01/16/18, 98.07, 98.79, 98.00, 98.07, 40358.6059362241
01/12/18, 98.79, 99.44, 98.72, 98.79, 57443.8092538836
01/11/18, 99.37, 100.16, 98.86, 99.37, 170389.89584374
01/10/18, 99.01, 99.44, 98.93, 99.01, 4565.86133661763
01/09/18, 99.15, 100.45, 98.86, 99.15, 22300.5549599115
01/08/18, 99.87, 100.45, 99.08, 99.87, 22489.295732489
01/05/18, 100.09, 100.52, 99.51, 100.09, 35802.459198195
01/04/18, 98.93, 100.52, 98.72, 98.93, 43544.9942732679
01/03/18, 99.44, 99.44, 98.72, 99.44, 151995.997316223
01/02/18, 98.72, 100.16, 98.72, 98.72, 28935.6257958899
12/29/17, 98.29, 98.72, 98.14, 98.29, 65889.9588267271
12/28/17, 98.72, 98.72, 98.72, 98.72, 1022.80845139428
12/27/17, 98.72, 98.72, 98.72, 98.72, 693.899899182011
12/26/17, 100.01, 100.16, 97.49, 100.01, 1110.23983869122
12/22/17, 98.43, 98.72, 97.42, 98.43, 15393.4753634537
12/21/17, 96.63, 98.72, 96.56, 96.63, 32460.6372837345
12/20/17, 96.56, 97.20, 96.56, 96.56, 78643.8389736924
12/19/17, 96.56, 98.00, 96.56, 96.56, 26795.6385068125
12/18/17, 98.00, 98.14, 97.28, 98.00, 48138.6116058528
12/15/17, 96.20, 96.20, 96.20, 96.20, 138.779979836402
12/14/17, 95.84, 96.05, 95.84, 95.84, 624509.90926381
12/13/17, 95.84, 96.56, 95.84, 95.84, 199673.859389019
12/12/17, 95.84, 96.20, 95.84, 95.84, 177696.661782126
12/11/17, 96.27, 96.34, 95.91, 96.27, 12876.0065292214
12/08/17, 96.70, 97.20, 95.91, 96.70, 10547.2784675666
12/07/17, 96.63, 97.28, 96.48, 96.63, 19447.238574475
12/06/17, 96.48, 96.56, 95.91, 96.48, 20238.2844595425
12/05/17, 97.28, 98.14, 97.28, 97.28, 3702.64986203521
12/04/17, 98.21, 98.43, 98.14, 98.21, 939.540463492443
11/30/17, 98.72, 98.72, 98.14, 98.72, 127709.500844852
11/29/17, 98.57, 98.72, 98.07, 98.57, 9836.72497080419
11/28/17, 98.00, 99.44, 98.00, 98.00, 7780.00566962871
11/27/17, 98.72, 98.72, 98.14, 98.72, 257553.437779589
11/24/17, 98.65, 98.72, 98.50, 98.65, 30721.7241363844
11/23/17, 98.50, 98.72, 98.36, 98.50, 129226.366024464
11/22/17, 98.36, 98.43, 98.14, 98.36, 33935.8684693954
11/21/17, 98.36, 98.72, 98.29, 98.36, 18046.9485779257
11/20/17, 98.72, 98.72, 98.14, 98.72, 22632.2391117205
11/17/17, 98.57, 99.44, 98.00, 98.57, 7112.47396661562
11/16/17, 99.08, 99.37, 97.28, 99.08, 128894.681872655
11/15/17, 96.27, 96.92, 95.84, 96.27, 50857.311410848
11/14/17, 96.63, 98.00, 96.56, 96.63, 27402.1070186976
11/13/17, 98.00, 98.72, 98.00, 98.00, 43243.8417170229
11/10/17, 99.29, 99.51, 99.29, 99.29, 2196.88708081025
11/09/17, 100.16, 100.16, 99.80, 100.16, 103671.420537389
11/08/17, 100.09, 100.16, 99.58, 100.09, 161810.517490253
11/07/17, 100.52, 100.73, 99.51, 100.52, 43800.3494361669
11/06/17, 100.16, 100.88, 99.51, 100.16, 9252.46125569294
11/02/17, 100.81, 100.88, 100.73, 100.81, 197808.656460018
11/01/17, 100.88, 101.60, 100.59, 100.88, 474971.70539049
10/31/17, 99.37, 100.88, 97.71, 99.37, 42082.2532857923
10/30/17, 98.00, 98.00, 96.70, 98.00, 75900.1587723268
10/27/17, 97.42, 98.36, 96.63, 97.42, 30498.2883688478
10/26/17, 98.00, 98.00, 97.64, 98.00, 16316.3622293658
10/25/17, 97.56, 97.92, 97.28, 97.56, 27067.6472672919
10/24/17, 97.85, 97.92, 97.28, 97.85, 777.167887083852
10/23/17, 98.00, 98.36, 97.42, 98.00, 93945.7195504541
10/20/17, 97.85, 98.72, 97.64, 97.85, 15387.9241642603
10/19/17, 98.00, 98.57, 97.71, 98.00, 1260487.2082615
10/17/17, 98.57, 99.08, 98.00, 98.57, 15501.7237477261
10/16/17, 98.65, 100.88, 98.00, 98.65, 214111.1406914
10/13/17, 100.09, 100.88, 99.94, 100.09, 491493.461990014
10/12/17, 99.87, 100.81, 98.65, 99.87, 360421.322233725
10/11/17, 95.69, 102.32, 95.11, 95.69, 2375624.59244115
10/10/17, 95.11, 96.20, 94.39, 95.11, 65365.3705029455
10/09/17, 94.32, 95.11, 94.03, 94.32, 546564.133588695
10/06/17, 94.39, 96.56, 94.39, 94.39, 116047.8191392
10/04/17, 94.39, 100.88, 93.67, 94.39, 6356.12307650722
10/03/17, 93.02, 93.67, 91.87, 93.02, 80760.2336661976
10/02/17, 91.87, 91.87, 91.44, 91.87, 181135.629682472
09/29/17, 91.87, 92.59, 91.51, 91.87, 32142.8311299091
09/28/17, 92.16, 92.59, 91.51, 92.16, 1813.85433646178
09/27/17, 91.51, 92.23, 91.51, 91.51, 204774.023648007
09/26/17, 91.87, 93.67, 91.87, 91.87, 2760.33379894604
09/25/17, 91.51, 93.67, 91.51, 91.51, 14538.5906876615
09/22/17, 92.95, 93.67, 92.23, 92.95, 29394.9875291484
09/21/17, 93.75, 94.39, 93.67, 93.75, 131080.466555079
09/20/17, 94.68, 95.11, 94.03, 94.68, 32087.3191379746
09/19/17, 94.32, 97.92, 94.11, 94.32, 22730.7728974043
09/18/17, 94.32, 94.83, 94.32, 94.32, 200244.245106146
09/15/17, 94.75, 95.11, 94.11, 94.75, 31979.0707537022
09/14/17, 94.39, 94.68, 94.32, 94.39, 11796.2982860942
09/13/17, 95.11, 95.11, 94.47, 95.11, 40641.7170950904
09/12/17, 96.05, 97.28, 95.11, 96.05, 32997.7158057014
09/11/17, 97.64, 97.64, 95.84, 97.64, 1010.31825320901
09/08/17, 95.11, 95.47, 94.54, 95.11, 7001.44998274649
09/07/17, 95.47, 95.47, 94.54, 95.47, 5245.883237816
09/06/17, 95.04, 95.47, 95.04, 95.04, 22633.6269115188
09/04/17, 95.19, 96.56, 95.19, 95.19, 1322.57320784091
08/31/17, 95.62, 95.84, 95.19, 95.62, 4578.35153480291
08/30/17, 95.11, 95.11, 94.83, 95.11, 12783.023942731
08/29/17, 95.11, 97.28, 94.90, 95.11, 55273.2903692423
08/28/17, 96.48, 97.28, 96.34, 96.48, 41119.1202257276
08/25/17, 96.20, 96.56, 95.11, 96.20, 38859.782153991
08/24/17, 95.11, 96.92, 95.11, 95.11, 17687.5084301495
08/23/17, 96.56, 96.56, 96.56, 96.56, 11935.0782659306
08/22/17, 95.40, 98.57, 94.75, 95.40, 32695.175449658
08/21/17, 98.00, 98.65, 97.85, 98.00, 5820.43235433871
08/18/17, 98.72, 100.16, 98.07, 98.72, 462487.058404407
08/17/17, 98.29, 98.72, 97.92, 98.29, 13517.1700360656
08/16/17, 98.00, 98.72, 98.00, 98.00, 7480.24091318208
08/15/17, 98.72, 100.88, 98.72, 98.72, 41436.926379553
08/14/17, 100.88, 100.88, 100.73, 100.88, 555.119919345609
08/11/17, 99.44, 100.88, 99.44, 99.44, 3232.18573038981
08/10/17, 99.44, 99.44, 98.93, 99.44, 7287.33674120948
08/09/17, 99.51, 100.52, 99.15, 99.51, 9146.98847101727
08/08/17, 100.59, 100.88, 100.52, 100.59, 3405.66070518531
08/04/17, 101.60, 101.60, 101.53, 101.60, 383.03274434847
08/03/17, 100.88, 100.88, 100.81, 100.88, 3479.2140944986
08/02/17, 100.66, 101.60, 100.16, 100.66, 7494.11891116572
08/01/17, 101.24, 101.96, 100.95, 101.24, 3648.52566989902
07/31/17, 101.53, 102.32, 100.95, 101.53, 35130.7640957869
07/28/17, 102.10, 104.48, 102.03, 102.10, 93040.8740819208
07/27/17, 102.61, 104.63, 102.32, 102.61, 17090.7545168529
07/26/17, 103.91, 106.57, 103.40, 103.91, 86577.8904209396
07/25/17, 102.46, 102.68, 102.32, 102.46, 7088.88137004343
07/24/17, 103.04, 103.11, 103.04, 103.04, 473.239731242132
07/21/17, 103.76, 103.76, 103.76, 103.76, 142.943379231494
07/20/17, 104.48, 104.48, 102.39, 104.48, 8818.079918805
07/19/17, 103.76, 106.64, 103.76, 103.76, 1026.97185078938
07/18/17, 104.48, 106.64, 104.12, 104.48, 3937.18802795873
07/17/17, 104.48, 106.57, 104.12, 104.48, 19406.9923803225
07/14/17, 106.57, 106.64, 105.20, 106.57, 2514.69323463561
07/13/17, 105.85, 108.08, 102.75, 105.85, 32574.4368672003
07/12/17, 103.26, 103.40, 102.68, 103.26, 24504.3810397135
07/11/17, 103.33, 103.40, 102.68, 103.33, 27793.4665618363
07/10/17, 102.39, 103.76, 102.39, 102.39, 13082.7886991776
07/07/17, 103.26, 103.76, 102.32, 103.26, 1855.4883304127
07/06/17, 102.32, 103.18, 102.32, 102.32, 1754.17894513212
07/05/17, 103.11, 103.18, 101.96, 103.11, 66.6143903214731
07/04/17, 103.11, 103.76, 101.60, 103.11, 40475.1811192867
07/03/17, 103.76, 103.76, 103.04, 103.76, 22959.7598641344
06/30/17, 103.76, 103.76, 103.04, 103.76, 85582.8379655125
06/29/17, 103.33, 103.40, 102.90, 103.33, 291825.153800188
06/28/17, 103.55, 104.48, 103.40, 103.55, 13946.0001737601
06/27/17, 103.40, 104.12, 102.68, 103.40, 1537.68217658734
06/23/17, 102.68, 103.69, 102.68, 102.68, 18879.6284569442
06/22/17, 103.40, 103.69, 102.68, 103.40, 4711.58031544586
06/21/17, 102.97, 103.76, 102.68, 102.97, 47836.0712498095
06/20/17, 103.11, 103.76, 103.04, 103.11, 4799.01170274279
06/19/17, 103.11, 104.48, 103.04, 103.11, 2461.95684229778
06/16/17, 103.76, 104.48, 103.76, 103.76, 29487.9701156388
06/15/17, 103.76, 104.48, 103.04, 103.76, 9986.6073490275
06/14/17, 103.76, 104.27, 103.76, 103.76, 6947.3257906103
06/13/17, 103.76, 104.48, 103.76, 103.76, 46685.5852169657
06/12/17, 104.41, 105.92, 104.19, 104.41, 29252.0441499169
06/09/17, 105.56, 105.56, 103.76, 105.56, 19651.2451448346
06/07/17, 104.70, 105.20, 104.48, 104.70, 2911.60397696772
06/06/17, 104.48, 104.48, 103.04, 104.48, 6038.31692268186
06/05/17, 104.12, 105.56, 103.76, 104.12, 11309.1805568684
06/02/17, 105.42, 105.56, 104.70, 105.42, 1069.99364453866
06/01/17, 105.49, 105.49, 105.20, 105.49, 3226.63453119635
05/31/17, 105.42, 105.56, 104.63, 105.42, 19932.9685039025
05/30/17, 104.77, 105.92, 104.77, 104.77, 17038.0181245151
05/29/17, 105.49, 105.92, 105.20, 105.49, 7974.29764139967
05/26/17, 105.27, 105.92, 105.20, 105.27, 3677.66946566466
05/25/17, 105.56, 105.92, 105.27, 105.56, 182059.904348183
05/24/17, 104.70, 105.92, 104.55, 104.70, 16374.6498208971
05/23/17, 104.63, 105.92, 104.48, 104.63, 16230.3186418672
05/22/17, 105.06, 105.92, 104.48, 105.06, 16131.7848561834
05/19/17, 104.55, 105.92, 104.41, 104.55, 15525.3163442983
05/18/17, 104.48, 105.92, 104.48, 104.48, 58361.1449206022
05/17/17, 106.28, 107.36, 105.42, 106.28, 167127.178517786
05/16/17, 106.00, 107.36, 105.92, 106.00, 4964.15987874811
05/15/17, 107.00, 109.81, 106.72, 107.00, 69215.1271436073
05/12/17, 108.08, 108.08, 107.08, 108.08, 330240.840018703
05/09/17, 107.94, 109.81, 106.64, 107.94, 307780.688081979
05/08/17, 106.79, 108.08, 105.92, 106.79, 54070.0679440607
05/05/17, 105.92, 106.64, 103.11, 105.92, 132117.153004457
05/04/17, 103.33, 104.41, 103.26, 103.33, 39736.8716265571
05/03/17, 103.33, 104.48, 101.96, 103.33, 27799.0177610297
05/02/17, 102.32, 103.76, 101.96, 102.32, 20915.5307611442
04/28/17, 102.32, 103.69, 101.67, 102.32, 21466.4872810947
04/27/17, 101.89, 103.69, 101.60, 101.89, 43356.2535006904
04/26/17, 101.60, 102.25, 100.88, 101.60, 5963.3757335702
04/25/17, 101.74, 102.32, 100.95, 101.74, 23467.6945903356
04/24/17, 101.53, 103.47, 100.88, 101.53, 142396.586110939
04/21/17, 103.62, 103.76, 101.96, 103.62, 38064.5728695284
04/20/17, 102.32, 102.32, 100.52, 102.32, 70644.5609359222
04/19/17, 99.44, 100.88, 98.72, 99.44, 10623.6074564766
04/18/17, 98.79, 99.44, 98.72, 98.79, 4998.85487370721
04/17/17, 98.72, 104.34, 98.72, 98.72, 11835.1566804484
04/12/17, 100.59, 100.81, 98.50, 100.59, 6032.7657234884
04/11/17, 100.09, 100.16, 98.36, 100.09, 5985.58053034403
04/07/17, 99.44, 99.73, 98.36, 99.44, 11706.0912992005
04/06/17, 98.72, 99.80, 98.72, 98.72, 8289.32819562831
04/05/17, 99.73, 100.09, 98.72, 99.73, 956.194061072811
04/04/17, 97.28, 98.36, 96.92, 97.28, 360353.320043605
04/03/17, 93.75, 100.81, 93.67, 93.75, 42215.4820664352
03/31/17, 100.59, 100.73, 97.28, 100.59, 14105.5971505719
03/30/17, 97.28, 97.28, 95.11, 97.28, 129874.4685303
03/29/17, 97.28, 97.28, 95.11, 97.28, 108183.157681871
03/28/17, 94.39, 95.04, 91.51, 94.39, 90666.34862692
03/27/17, 91.58, 93.67, 91.51, 91.58, 3422.31430276568
03/24/17, 91.51, 93.31, 91.44, 91.51, 8650.15614320295
03/23/17, 92.23, 94.83, 91.51, 92.23, 21595.5526623426
03/22/17, 93.31, 95.84, 92.95, 93.31, 21673.2694510509
03/21/17, 95.69, 95.84, 95.62, 95.69, 29392.2119295516
03/20/17, 95.84, 96.05, 95.84, 95.84, 2627.10501830309
03/17/17, 96.48, 97.28, 95.47, 96.48, 5506.78959990844
03/16/17, 97.28, 98.72, 97.28, 97.28, 19776.1471266873
03/15/17, 98.50, 99.44, 98.07, 98.50, 2704.82180701148
03/14/17, 98.86, 99.80, 98.72, 98.86, 1000.60365462046
03/13/17, 99.44, 100.81, 99.15, 99.44, 4761.54110818696
03/10/17, 100.81, 100.81, 100.81, 100.81, 194.291971770963
03/09/17, 100.88, 100.88, 98.72, 100.88, 3341093.31956642
03/08/17, 97.28, 102.32, 97.28, 97.28, 575535.842179342
03/07/17, 101.67, 103.76, 101.60, 101.67, 4347.97676827448
03/06/17, 103.76, 106.07, 102.90, 103.76, 4683.82431947858
03/03/17, 103.42, 103.49, 102.24, 103.42, 4057.09716630894
03/02/17, 102.31, 102.38, 102.10, 102.31, 27790.2511508996
03/01/17, 102.38, 103.49, 102.10, 102.38, 8143.00894317405
02/28/17, 102.10, 103.49, 102.03, 102.10, 11994.0816440064
02/27/17, 103.49, 104.81, 102.80, 103.49, 62736.6108334243
02/23/17, 104.11, 104.11, 102.17, 104.11, 37317.8021312977
02/22/17, 103.35, 106.54, 102.73, 103.35, 12638.0881899368
02/21/17, 105.78, 106.54, 105.15, 105.78, 16796.0364931923
02/20/17, 104.11, 107.58, 104.11, 104.11, 13195.6509041987
02/17/17, 104.11, 106.89, 103.42, 104.11, 15198.2663378526
02/16/17, 102.73, 107.38, 102.73, 102.73, 20843.0485458066
02/15/17, 102.31, 103.56, 100.57, 102.31, 64319.9736834859
02/14/17, 100.64, 100.64, 99.95, 100.64, 5509.35353833998
02/13/17, 100.09, 100.64, 99.95, 100.09, 11216.0871589897
02/09/17, 100.09, 101.34, 98.91, 100.09, 37241.4434133238
02/08/17, 99.60, 99.95, 98.56, 99.60, 107675.877456829
02/07/17, 99.26, 99.26, 98.21, 99.26, 91129.0873449479
02/06/17, 98.56, 99.95, 98.56, 98.56, 3712.76257016269
02/03/17, 99.05, 100.64, 98.91, 99.05, 4132.01515375499
02/02/17, 100.64, 100.50, 100.50, 100.64, 14.4073052780857
02/01/17, 100.64, 100.64, 99.95, 100.64, 5389.77290453187
01/31/17, 100.64, 101.34, 100.50, 100.64, 3925.99068827836
01/30/17, 100.99, 101.34, 100.64, 100.99, 42997.161871919
01/27/17, 100.71, 101.34, 100.64, 100.71, 10504.3662782523
01/26/17, 101.34, 102.03, 100.71, 101.34, 8194.87524217516
01/25/17, 100.71, 102.03, 100.64, 100.71, 22216.0647388082
01/24/17, 101.41, 102.73, 101.34, 101.41, 18127.2715008875
01/23/17, 102.03, 104.11, 102.03, 102.03, 30673.1529370445
01/20/17, 102.86, 103.42, 102.73, 102.86, 1619.38111325684
01/19/17, 103.84, 104.11, 102.73, 103.84, 52877.6918316302
01/18/17, 103.77, 104.11, 103.56, 103.77, 10750.7311985076
01/17/17, 104.11, 105.85, 103.98, 104.11, 10273.8493938029
01/16/17, 105.43, 107.58, 104.04, 105.43, 72448.5753213819
01/13/17, 105.50, 106.20, 105.50, 105.50, 16820.5289121651
01/11/17, 106.20, 106.68, 106.13, 106.20, 2666.79220697367
01/10/17, 106.89, 107.51, 104.81, 106.89, 31809.8893234855
01/09/17, 105.99, 107.58, 105.50, 105.99, 13017.0003187505
01/05/17, 106.27, 107.51, 105.50, 106.27, 157.039627531134
01/04/17, 106.54, 108.28, 108.28, 106.54, 1.44073052780857
01/03/17, 106.54, 108.63, 106.54, 106.54, 14874.1019690957
01/02/17, 108.28, 109.60, 107.93, 108.28, 363.06409300776
12/30/16, 108.28, 109.60, 108.28, 108.28, 21105.2615018678
12/29/16, 108.63, 108.97, 108.00, 108.63, 6672.0230742815
12/28/16, 108.69, 108.97, 108.63, 108.69, 1224.62094863729
12/27/16, 109.87, 109.67, 109.67, 109.87, 14.4073052780857
12/23/16, 109.87, 109.87, 109.67, 109.87, 2161.09579171286
12/22/16, 109.53, 110.71, 107.72, 109.53, 5520.87938256245
12/21/16, 110.29, 114.46, 107.31, 110.29, 85539.0528970506
12/20/16, 110.29, 114.53, 105.71, 110.29, 36163.776978523
12/19/16, 106.89, 107.24, 106.89, 106.89, 1443.61198886419
12/16/16, 106.40, 107.24, 106.20, 106.40, 498.492762621766
12/15/16, 106.89, 109.60, 105.50, 106.89, 2720.09923650259
12/14/16, 106.89, 108.97, 106.89, 106.89, 27794.573342483
12/09/16, 107.58, 108.97, 107.58, 107.58, 17030.8755692251
12/08/16, 108.97, 110.99, 108.76, 108.97, 6937.11749139828
12/07/16, 109.53, 111.05, 108.97, 109.53, 754.942796571692
12/06/16, 109.46, 112.44, 108.97, 109.46, 8354.79633076191
12/05/16, 111.05, 114.46, 110.92, 111.05, 12577.5775077688
12/02/16, 108.97, 110.71, 108.63, 108.97, 18164.7304946105
12/01/16, 108.63, 111.05, 107.45, 108.63, 34862.7973119118
11/30/16, 106.27, 106.27, 105.92, 106.27, 4466.26463620658
11/29/16, 105.15, 105.50, 104.88, 105.15, 1427.7639530583
11/28/16, 105.02, 107.58, 104.25, 105.02, 51612.7304282143
11/25/16, 108.00, 108.21, 104.81, 108.00, 2064.56684634968
11/24/16, 104.81, 107.51, 104.11, 104.81, 175331.142312192
11/23/16, 104.25, 106.20, 104.18, 104.25, 28409.7652778572
11/22/16, 104.95, 108.35, 104.81, 104.95, 22829.8159436546
11/21/16, 108.28, 109.67, 108.28, 108.28, 25908.6570815816
11/18/16, 109.11, 110.36, 109.04, 109.11, 17764.2074078797
11/17/16, 109.74, 111.05, 109.67, 109.74, 6268.6185264951
11/16/16, 110.78, 111.40, 110.71, 110.78, 2776.28772708712
11/15/16, 111.40, 111.75, 111.05, 111.40, 1887.35699142923
11/11/16, 111.05, 111.75, 111.05, 111.05, 5683.68193220482
11/10/16, 110.15, 111.05, 110.01, 110.15, 5245.69985175101
11/09/16, 110.43, 111.75, 110.36, 110.43, 25241.5988472062
11/08/16, 111.75, 112.23, 111.19, 111.75, 13999.5785387159
11/07/16, 112.03, 113.14, 111.75, 112.03, 27950.1722394863
11/04/16, 112.10, 113.14, 112.03, 112.10, 50493.2828081071
11/03/16, 113.14, 113.83, 111.96, 113.14, 2309.49103607714
11/02/16, 113.14, 113.14, 111.82, 113.14, 16924.2615101673
11/01/16, 111.96, 113.14, 111.89, 111.96, 1627637.93991171
10/31/16, 111.75, 113.48, 111.75, 111.75, 15863.8838417002
10/28/16, 113.14, 113.14, 113.14, 113.14, 2998.16022836964
10/27/16, 112.44, 113.14, 111.75, 112.44, 32406.3517619982
10/26/16, 112.65, 113.48, 112.44, 112.65, 72.0365263904286
10/25/16, 112.65, 113.83, 112.51, 112.65, 18895.1808722094
10/24/16, 113.28, 114.53, 113.28, 113.28, 11981.1150692561
10/21/16, 113.48, 116.61, 113.48, 113.48, 9047.78771463784
10/20/16, 113.21, 114.53, 113.14, 113.21, 325897.567581883
10/19/16, 113.35, 113.35, 113.28, 113.35, 7426.96587085319
10/18/16, 113.41, 113.76, 113.21, 113.41, 10657.0837142
10/17/16, 113.21, 113.83, 113.21, 113.21, 9180.33492319623
10/14/16, 113.28, 113.83, 113.14, 113.28, 12414.7749581265
10/13/16, 113.41, 116.61, 113.14, 113.41, 442451.226551068
10/12/16, 114.53, 115.57, 114.53, 114.53, 18383.7215348374
10/11/16, 115.22, 115.91, 115.22, 115.22, 101799.137633898
10/10/16, 115.22, 117.23, 115.22, 115.22, 36973.4675351514
10/07/16, 115.57, 115.57, 115.22, 115.57, 12021.4555240347
10/06/16, 115.01, 115.57, 114.94, 115.01, 8805.744985966
10/05/16, 115.22, 115.57, 115.22, 115.22, 7919.69571136372
10/04/16, 115.50, 115.57, 115.22, 115.50, 13106.3256114746
10/03/16, 115.22, 115.57, 115.22, 115.22, 65757.8227502389
09/30/16, 115.29, 115.57, 115.22, 115.29, 23348.4789336657
09/29/16, 115.22, 115.57, 115.22, 115.22, 26879.7094573245
09/28/16, 115.08, 116.61, 114.87, 115.08, 33589.1915253291
09/27/16, 115.22, 115.91, 115.22, 115.22, 17882.34731116
09/26/16, 115.71, 115.91, 114.53, 115.71, 46645.0915683304
09/23/16, 114.66, 116.61, 114.39, 114.66, 32445.2514862491
09/22/16, 114.59, 115.22, 113.48, 114.59, 10046873.8249909
09/21/16, 113.48, 115.91, 113.28, 113.48, 4215689.90134905
09/20/16, 113.48, 114.46, 113.48, 113.48, 77700.0380952441
09/19/16, 113.55, 114.53, 113.35, 113.55, 4440.33148670602
09/15/16, 113.83, 114.18, 113.83, 113.83, 181419.669522711
09/14/16, 113.83, 113.83, 113.76, 113.83, 32687.2942149209
09/13/16, 113.69, 113.97, 113.28, 113.69, 12976.6598639718
09/09/16, 113.90, 114.53, 113.76, 113.90, 127794.238547148
09/08/16, 113.83, 114.53, 113.48, 113.83, 32145.5795364649
09/07/16, 113.90, 114.11, 113.83, 113.90, 28406.8838168016
09/06/16, 113.83, 113.83, 113.48, 113.83, 71412.6900718876
09/05/16, 113.83, 114.46, 113.48, 113.83, 73060.8857957005
09/02/16, 114.53, 115.57, 114.18, 114.53, 37558.4041294417
09/01/16, 114.53, 114.53, 113.83, 114.53, 43891.8555296882
08/31/16, 114.25, 114.53, 113.90, 114.25, 19096.8831461026
08/30/16, 114.25, 114.53, 114.18, 114.25, 40007.6460267163
08/29/16, 114.53, 114.59, 114.39, 114.53, 202438.48719291
08/26/16, 115.77, 116.47, 114.46, 115.77, 72751.1287322217
08/25/16, 114.53, 114.66, 114.53, 114.53, 641210.087975956
08/24/16, 114.53, 116.61, 114.53, 114.53, 1859401.05626763
08/23/16, 114.66, 120.77, 114.53, 114.66, 2571247.28056099
08/22/16, 118.69, 120.77, 116.68, 118.69, 15781.7622016151
08/19/16, 116.54, 117.86, 114.53, 116.54, 4661747.27641123
08/18/16, 114.46, 117.86, 113.83, 114.46, 7447673.49072939
08/16/16, 114.59, 114.59, 114.11, 114.59, 1492569.45292965
08/15/16, 113.90, 116.95, 113.76, 113.90, 4931.62059668875
08/12/16, 114.39, 115.22, 114.11, 114.39, 17153.3376640889
08/11/16, 114.53, 114.59, 114.53, 114.53, 30771.1226129355
08/10/16, 114.53, 116.61, 114.25, 114.53, 18563.8128508135
08/09/16, 114.53, 116.61, 114.53, 114.53, 58931.6415094819
08/08/16, 116.05, 116.61, 115.91, 116.05, 4310.66573920325
08/05/16, 115.57, 116.26, 115.57, 115.57, 61173.418210752
08/04/16, 114.53, 117.30, 114.53, 114.53, 11968.1484945058
08/03/16, 116.61, 117.30, 116.54, 116.61, 9880.52995971119
08/02/16, 116.40, 117.30, 115.22, 116.40, 73481.5791098206
08/01/16, 113.83, 115.22, 113.83, 113.83, 10854.4637965098
07/29/16, 114.04, 115.91, 113.83, 114.04, 13437.6936328706
07/28/16, 115.57, 115.57, 114.53, 115.57, 1737.52101653714
07/27/16, 115.29, 115.57, 115.22, 115.29, 28563.9234443328
07/26/16, 115.01, 115.91, 114.53, 115.01, 39295.9251459788
07/25/16, 115.91, 116.61, 115.91, 115.91, 38562.5933073243
07/22/16, 114.87, 116.82, 114.66, 114.87, 244.924189727457
07/21/16, 116.82, 117.93, 116.75, 116.82, 23286.52752097
07/20/16, 117.30, 118.00, 116.95, 117.30, 21321.3710810391
07/18/16, 117.30, 117.30, 117.16, 117.30, 9678.82768581799
07/15/16, 117.30, 117.30, 117.30, 117.30, 23845.5309657597
07/14/16, 117.93, 118.00, 117.30, 117.93, 5979.03169040558
07/13/16, 117.30, 117.65, 116.61, 117.30, 3257.49172337518
07/12/16, 117.65, 118.00, 117.65, 117.65, 77518.5060487403
07/11/16, 117.79, 118.00, 115.91, 117.79, 40599.7862736456
07/08/16, 118.00, 118.00, 117.30, 118.00, 429905.345114911
07/07/16, 115.91, 116.61, 115.91, 115.91, 4116.16711794909
07/05/16, 115.71, 115.91, 115.57, 115.71, 11367.3638644096
07/04/16, 116.61, 116.61, 115.29, 116.61, 6935.67676087047
07/01/16, 116.61, 116.61, 116.61, 116.61, 1309.62404977799
06/30/16, 117.44, 117.79, 116.61, 117.44, 244.924189727457
06/29/16, 117.02, 117.30, 116.61, 117.02, 4242.95140439625
06/28/16, 117.79, 118.20, 117.02, 117.79, 8995.92141563673
06/27/16, 117.30, 117.30, 117.23, 117.30, 1431669.77351918
06/24/16, 117.30, 118.20, 116.95, 117.30, 39235.4144638109
06/23/16, 117.23, 118.69, 116.61, 117.23, 5471834.03393479
06/22/16, 117.65, 118.69, 117.65, 117.65, 24433.3490211056
06/21/16, 118.00, 118.00, 118.00, 118.00, 292050.485292076
06/20/16, 118.00, 119.73, 118.00, 118.00, 1494768.00771509
06/17/16, 118.00, 118.00, 117.30, 118.00, 29555.1460474651
06/16/16, 117.44, 117.93, 117.30, 117.44, 6612.95312264135
06/15/16, 117.86, 118.69, 117.86, 117.86, 14503.8342234489
06/14/16, 119.18, 119.38, 117.79, 119.18, 3758.86594705257
06/13/16, 118.20, 119.38, 117.65, 118.20, 1186333.53486077
06/10/16, 118.13, 121.47, 118.00, 118.13, 437096.031179204
06/09/16, 120.08, 121.47, 120.08, 120.08, 9488.65125614726
06/08/16, 120.08, 120.08, 119.73, 120.08, 9941.04064187915
06/07/16, 120.08, 120.84, 119.73, 120.08, 17474.6205717902
06/06/16, 120.77, 121.54, 120.43, 120.77, 4204.05168014542
06/03/16, 121.54, 122.16, 120.84, 121.54, 9762.39005643089
06/02/16, 120.77, 122.51, 120.77, 120.77, 11015.8256156243
06/01/16, 121.33, 122.51, 120.49, 121.33, 164316.757427096
05/31/16, 122.16, 123.55, 122.16, 122.16, 183622.54649973
05/30/16, 123.55, 123.62, 123.55, 123.55, 435310.966055249
05/27/16, 123.55, 124.87, 123.55, 123.55, 3879.88731138849
05/26/16, 123.55, 124.24, 123.55, 123.55, 23442.1264179733
05/25/16, 123.55, 123.55, 122.85, 123.55, 1638724.36132319
05/24/16, 123.55, 123.55, 123.20, 123.55, 75364.6139096664
05/20/16, 122.85, 123.20, 122.16, 122.85, 1510751.4721906
05/19/16, 121.67, 123.55, 121.47, 121.67, 112136.379170925
05/18/16, 124.80, 124.80, 122.85, 124.80, 10005.8735156305
05/17/16, 124.59, 125.63, 124.31, 124.59, 18330.4145053085
05/16/16, 126.39, 129.86, 125.63, 126.39, 33025.8658889559
05/13/16, 130.42, 131.11, 129.73, 130.42, 198969.208081947
05/12/16, 131.11, 131.88, 128.41, 131.11, 10776.6643480081
05/11/16, 133.82, 135.35, 133.61, 133.82, 20272.5192567944
05/10/16, 134.24, 135.35, 133.27, 134.24, 7981.64712405949
05/09/16, 133.54, 135.28, 133.27, 133.54, 31592.3390137864
05/06/16, 133.68, 134.31, 133.61, 133.68, 11494.1481508568
05/05/16, 134.65, 135.35, 133.61, 134.65, 204331.607106451
05/04/16, 134.65, 135.35, 133.96, 134.65, 57823.7197335971
05/03/16, 136.60, 138.75, 133.96, 136.60, 149763.938365701
04/29/16, 133.96, 133.96, 128.48, 133.96, 351061.366980587
04/28/16, 128.89, 129.45, 128.48, 128.89, 20628.3796971631
04/27/16, 129.10, 129.66, 128.41, 129.10, 93133.1435091296
04/26/16, 129.59, 129.59, 127.71, 129.59, 21459.6812117087
04/25/16, 129.24, 129.52, 127.71, 129.24, 45008.4216887398
04/22/16, 128.68, 129.10, 126.39, 128.68, 22603.6212507887
04/20/16, 128.82, 129.10, 128.41, 128.82, 44972.4034255446
04/19/16, 128.41, 129.10, 125.63, 128.41, 93228.2317239649
04/18/16, 127.50, 127.71, 123.20, 127.50, 41694.7414747801
04/15/16, 127.37, 128.41, 127.30, 127.37, 24045.7925091251
04/12/16, 125.70, 128.41, 120.77, 125.70, 22283.7790736152
04/11/16, 121.74, 121.74, 121.47, 121.74, 21920.7149806074
04/08/16, 121.54, 121.60, 120.08, 121.54, 47832.2535232446
04/07/16, 119.80, 120.08, 119.73, 119.80, 1589.12577217286
04/06/16, 119.80, 120.08, 119.73, 119.80, 23965.1115995678
04/05/16, 120.77, 120.77, 118.69, 120.77, 12741.820787939
04/04/16, 118.48, 119.38, 118.00, 118.48, 5054.08269155247
04/01/16, 118.00, 118.00, 118.00, 118.00, 10649.880061561
03/31/16, 117.16, 117.16, 115.91, 117.16, 189757.177087139
03/30/16, 114.53, 115.64, 113.83, 114.53, 2315.25395818838
03/29/16, 115.71, 116.61, 114.18, 115.71, 78764.7379552947
03/28/16, 115.22, 116.61, 115.22, 115.22, 393549.95097619
03/24/16, 116.89, 117.30, 116.61, 116.89, 77094.9312735646
03/23/16, 118.00, 118.00, 115.98, 118.00, 347404.792901009
03/21/16, 115.98, 116.95, 115.22, 115.98, 51359.16185532
03/18/16, 115.91, 117.65, 113.14, 115.91, 109652.559740983
03/17/16, 115.91, 115.91, 112.44, 115.91, 322.72363822912
03/16/16, 115.15, 115.84, 111.05, 115.15, 7540.78358255007
03/15/16, 111.12, 114.53, 111.12, 111.12, 5796.05891337389
03/14/16, 112.65, 115.91, 111.75, 112.65, 45055.9657961575
03/11/16, 111.96, 114.53, 107.86, 111.96, 43573.4540830425
03/10/16, 107.58, 108.97, 105.50, 107.58, 649160.039028403
03/09/16, 104.25, 106.20, 104.11, 104.25, 369074.820769778
03/08/16, 107.51, 113.83, 106.89, 107.51, 23237.5426830245
03/04/16, 109.67, 110.36, 109.04, 109.67, 16252.8810842085
03/03/16, 110.64, 113.14, 110.36, 110.64, 57081.7435117757
03/02/16, 113.14, 113.83, 113.14, 113.14, 22816.8493689044
03/01/16, 113.83, 114.46, 113.83, 113.83, 15281.8287084655
02/29/16, 114.25, 114.59, 114.25, 114.25, 126533.599335316
02/26/16, 114.53, 115.91, 114.25, 114.53, 70123.2362494989
02/25/16, 114.94, 116.61, 114.87, 114.94, 774342.233128635
02/24/16, 116.54, 118.00, 116.26, 116.54, 18965.7766680721
02/23/16, 119.04, 120.77, 118.00, 119.04, 15734.2180941974
02/19/16, 117.65, 118.00, 117.65, 117.65, 1841.25361453936
02/18/16, 118.00, 119.38, 117.30, 118.00, 29294.3738219317
02/17/16, 117.51, 118.34, 117.30, 117.51, 1459.46002467008
02/16/16, 118.00, 119.38, 118.00, 118.00, 172305.608203794
02/15/16, 118.00, 118.69, 118.00, 118.00, 5278.83665389061
02/12/16, 116.95, 117.30, 116.68, 116.95, 4110.40419583786
02/11/16, 117.86, 118.00, 117.86, 117.86, 8756.76014802051
02/10/16, 118.00, 118.00, 118.00, 118.00, 7552.30942677254
02/09/16, 118.00, 118.34, 117.51, 118.00, 19321.6371084408
02/08/16, 118.69, 119.38, 118.00, 118.69, 11691.5282331666
02/05/16, 118.00, 118.00, 117.86, 118.00, 5696.6485069551
02/03/16, 118.00, 120.08, 117.51, 118.00, 34872.8824256065
02/02/16, 118.07, 120.22, 118.00, 118.07, 200481.975136146
02/01/16, 118.00, 120.70, 118.00, 118.00, 408225.232132448
01/29/16, 118.00, 121.47, 118.00, 118.00, 206855.766991171
01/28/16, 117.72, 118.00, 117.65, 117.72, 48597.281433511
01/27/16, 117.93, 118.00, 117.51, 117.93, 308840.758863157
01/26/16, 116.61, 118.13, 115.50, 116.61, 116284.242360486
01/25/16, 118.07, 119.38, 118.00, 118.07, 33066.2063437346
01/22/16, 118.07, 120.08, 118.00, 118.07, 10623.9469120604
01/21/16, 117.79, 119.38, 115.22, 117.79, 14018.3080355774
01/20/16, 115.01, 116.68, 114.87, 115.01, 21476.9699780424
01/19/16, 116.61, 119.04, 114.66, 116.61, 206195.912409435
01/18/16, 119.25, 122.16, 118.00, 119.25, 207950.722192306
01/14/16, 122.16, 122.85, 122.16, 122.16, 19864.7925174246
01/13/16, 122.72, 123.90, 122.16, 122.72, 248152.866840276
01/12/16, 124.17, 129.80, 123.55, 124.17, 43125.386888894
01/11/16, 129.86, 131.18, 129.80, 129.86, 111882.81059803
01/08/16, 131.11, 131.81, 130.49, 131.11, 32262.2787092174
01/07/16, 131.88, 133.27, 131.88, 131.88, 60402.6273783744
01/06/16, 133.27, 134.93, 131.88, 133.27, 629.599240652346
01/05/16, 131.88, 134.93, 131.53, 131.88, 21878.933795301
01/04/16, 131.88, 135.35, 131.88, 131.88, 44691.4609726219
12/31/15, 134.72, 136.04, 130.98, 134.72, 34996.785250998
12/30/15, 131.88, 131.88, 131.18, 131.88, 9246.60852747542
12/29/15, 131.81, 131.88, 131.18, 131.81, 6636.00481108629
12/28/15, 130.84, 133.89, 129.80, 130.84, 18261.2594399737
12/23/15, 131.18, 133.27, 131.18, 131.18, 10655.6429836722
12/22/15, 131.88, 134.58, 131.67, 131.88, 30582.3869137926
12/21/15, 133.27, 135.35, 133.27, 133.27, 14712.7401499811
12/18/15, 133.27, 133.27, 132.99, 133.27, 6859.31804289662
12/17/15, 133.27, 135.70, 132.99, 133.27, 50674.8148546109
12/16/15, 133.27, 133.27, 132.99, 133.27, 14659.4331204522
12/15/15, 134.10, 136.04, 132.02, 134.10, 32461.099522055
12/14/15, 131.88, 135.28, 131.88, 131.88, 10051.9768925204
12/11/15, 132.09, 135.70, 129.80, 132.09, 20717.7049898873
12/10/15, 131.04, 131.88, 130.21, 131.04, 996.985525243532
12/09/15, 129.86, 131.88, 129.80, 129.86, 244545.277598644
12/08/15, 131.81, 131.88, 131.60, 131.81, 9194.74222847431
12/07/15, 131.60, 131.88, 131.18, 131.60, 22194.4537808911
12/04/15, 131.74, 131.88, 131.53, 131.74, 11376.0082475765
12/03/15, 131.88, 132.22, 131.25, 131.88, 97315.5842313579
12/02/15, 132.09, 134.65, 130.49, 132.09, 46626.3620714688
12/01/15, 134.17, 135.35, 133.89, 134.17, 38908.3686339983
11/30/15, 135.21, 136.74, 134.31, 135.21, 3934.63507144521
11/27/15, 136.60, 138.82, 135.35, 136.60, 322016.239539966
11/26/15, 137.43, 140.21, 136.74, 137.43, 49399.7683375004
11/24/15, 141.11, 142.29, 140.21, 141.11, 10576.4028046427
11/23/15, 145.55, 149.23, 144.37, 145.55, 55094.9761139276
11/20/15, 148.40, 151.31, 148.33, 148.40, 193573.672255304
11/19/15, 151.52, 152.49, 151.31, 151.52, 136673.460790032
11/18/15, 151.94, 153.39, 151.31, 151.94, 105988.782008765
11/17/15, 152.77, 153.60, 152.70, 152.77, 3507493.04748264
11/16/15, 153.60, 155.48, 153.39, 153.60, 69054.2141978649
11/13/15, 154.99, 155.48, 152.70, 154.99, 30396.5326757053
11/12/15, 152.70, 152.91, 152.70, 152.70, 1743.28393864837
11/11/15, 152.70, 153.46, 152.70, 152.70, 16322.0361495433
11/09/15, 156.10, 155.48, 155.48, 156.10, 1.44073052780857
11/06/15, 156.10, 156.17, 154.78, 156.10, 4111.84492636567
11/05/15, 153.95, 154.16, 153.39, 153.95, 31998.6250226284
11/04/15, 153.39, 153.53, 153.39, 153.39, 5748.51480595621
11/03/15, 154.71, 154.78, 154.09, 154.71, 6997.62817356624
11/02/15, 154.85, 155.41, 154.78, 154.85, 9530.43244145371
10/30/15, 155.48, 158.25, 155.13, 155.48, 46365.5898459355
10/29/15, 156.17, 158.25, 156.17, 156.17, 3372.75016559987
10/28/15, 156.80, 158.25, 156.24, 156.80, 22182.9279366686
10/26/15, 156.80, 158.25, 154.09, 156.80, 29766.9334350529
10/23/15, 154.02, 154.09, 152.70, 154.02, 91270.2789366731
10/22/15, 153.46, 157.56, 152.70, 153.46, 84217.9030030501
10/21/15, 152.77, 153.39, 152.70, 152.77, 111140.834376209
10/20/15, 152.70, 154.09, 152.56, 152.70, 117060.796114974
10/19/15, 152.70, 158.25, 152.70, 152.70, 8694.80873532474
10/16/15, 152.70, 152.70, 150.97, 152.70, 8874.90005130081
10/15/15, 150.06, 150.62, 149.92, 150.06, 7477.39143932649
10/14/15, 150.97, 152.01, 149.23, 150.97, 93873.6790004232
10/13/15, 150.62, 150.62, 149.23, 150.62, 48022.4299529154
10/12/15, 150.20, 153.39, 149.23, 150.20, 62236.6773402747
10/09/15, 153.32, 170.05, 150.62, 153.32, 6020.81287571203
10/08/15, 151.10, 154.78, 149.92, 151.10, 27254.2993945548
10/07/15, 152.63, 157.56, 152.42, 152.63, 38450.2163261552
10/06/15, 152.77, 154.09, 152.70, 152.77, 20713.3827983039
10/05/15, 153.88, 154.78, 153.39, 153.88, 35805.0350770987
10/02/15, 154.71, 154.78, 154.57, 154.71, 21518.7511633488
10/01/15, 154.78, 154.78, 153.39, 154.78, 5029.59027257973
09/30/15, 154.30, 154.78, 154.09, 154.30, 82457.3302980681
09/29/15, 154.78, 155.62, 154.16, 154.78, 30223.6450123682
09/28/15, 155.96, 159.57, 155.82, 155.96, 8605.48344260061
09/25/15, 156.17, 159.57, 156.17, 156.17, 24119.2697660433
09/23/15, 156.73, 159.64, 156.31, 156.73, 21858.7635679117
09/22/15, 158.46, 159.29, 155.82, 158.46, 18455.7580612278
09/21/15, 155.82, 156.17, 155.82, 155.82, 24819.4648025583
09/18/15, 155.48, 155.82, 152.70, 155.48, 137153.224055793
09/17/15, 155.55, 157.56, 155.48, 155.55, 49424.2607564731
09/16/15, 157.70, 158.25, 157.56, 157.70, 8736.58992063119
09/15/15, 158.25, 159.64, 157.63, 158.25, 28493.3276484701
09/14/15, 158.39, 159.64, 157.56, 158.39, 19523.339382334
09/11/15, 159.71, 162.35, 159.64, 159.71, 67774.8454891709
09/10/15, 162.07, 163.11, 161.79, 162.07, 72396.7090223808
09/09/15, 163.11, 163.81, 162.42, 163.11, 61778.5250324316
09/08/15, 163.53, 165.06, 163.11, 163.53, 19279.8559231343
09/07/15, 164.64, 165.26, 164.50, 164.64, 3214.26980754093
09/04/15, 165.47, 165.89, 165.12, 165.47, 21436.6295232638
09/03/15, 165.89, 166.51, 165.82, 165.89, 14515.3600676714
09/02/15, 165.89, 166.58, 165.89, 165.89, 73068.0894483396
09/01/15, 166.58, 167.35, 166.30, 166.58, 57182.5946487223
08/31/15, 167.28, 170.05, 167.28, 167.28, 40811.5736612334
08/28/15, 168.80, 170.75, 166.58, 168.80, 6039.54237257354
08/27/15, 166.58, 166.58, 166.51, 166.58, 60476.1046352927
08/26/15, 165.26, 170.05, 165.19, 165.26, 125094.309538035
08/25/15, 166.79, 173.52, 166.58, 166.79, 119301.132085717
08/24/15, 173.52, 183.93, 172.13, 173.52, 74062.1935125275
08/21/15, 177.20, 179.08, 176.99, 177.20, 44507.0474650624
08/20/15, 179.08, 180.39, 178.45, 179.08, 10906.3300955109
08/19/15, 180.46, 182.20, 179.84, 180.46, 21069.2432386726
08/18/15, 182.48, 183.93, 182.13, 182.48, 9102.53547469456
08/17/15, 183.59, 183.59, 183.52, 183.59, 11992.6409134786
08/14/15, 183.52, 183.59, 180.46, 183.52, 31328.6853271974
08/13/15, 183.66, 184.28, 182.75, 183.66, 15114.7039672397
08/12/15, 185.11, 186.71, 184.07, 185.11, 26457.5754126766
08/11/15, 185.39, 186.02, 183.45, 185.39, 130587.815040569
08/10/15, 183.93, 184.98, 183.93, 183.93, 2287.88007816001
08/07/15, 184.98, 186.02, 184.63, 184.98, 30223.6450123682
08/06/15, 185.88, 187.40, 185.32, 185.88, 30985.791461579
08/05/15, 187.40, 187.75, 184.63, 187.40, 135611.642391038
08/04/15, 187.68, 187.75, 187.40, 187.68, 6016.4906841286
08/03/15, 190.53, 190.81, 190.53, 190.53, 316.960716117886
07/30/15, 190.88, 190.88, 187.96, 190.88, 8305.81149281642
07/29/15, 189.28, 190.94, 188.79, 189.28, 117039.185157057
07/28/15, 190.88, 190.88, 190.88, 190.88, 90989.3364837504
07/27/15, 190.88, 190.88, 190.81, 190.88, 18454.3173307
07/24/15, 191.22, 192.96, 188.45, 191.22, 9017.53237355386
07/23/15, 194.00, 194.35, 191.57, 194.00, 11144.0506325993
07/22/15, 193.58, 194.00, 190.88, 193.58, 75642.6749015335
07/21/15, 190.88, 191.57, 187.47, 190.88, 10200.3721368847
07/20/15, 190.88, 194.35, 190.60, 190.88, 1880.15333879019
07/17/15, 190.60, 194.35, 184.98, 190.60, 54541.7355912492
07/16/15, 184.63, 187.40, 180.53, 184.63, 52723.5336651547
07/15/15, 181.71, 182.55, 180.46, 181.71, 1488.27463522626
07/14/15, 180.46, 180.46, 179.08, 180.46, 5127.55994847071
07/13/15, 179.77, 180.46, 178.38, 179.77, 9737.89763745814
07/10/15, 179.08, 179.08, 177.06, 179.08, 272832.580781637
07/09/15, 178.45, 179.08, 177.69, 178.45, 215387.773176854
07/08/15, 177.13, 179.15, 176.99, 177.13, 11785.1757174741
07/07/15, 179.35, 180.46, 180.46, 179.35, 14.4073052780857
07/06/15, 179.35, 180.46, 176.99, 179.35, 1417.67883936364
07/03/15, 180.46, 180.53, 180.46, 180.46, 17787.2590963246
07/02/15, 180.46, 180.46, 180.46, 180.46, 1440.73052780857
06/30/15, 180.67, 181.85, 180.46, 180.67, 2280.67642552097
06/29/15, 180.46, 181.85, 180.46, 180.46, 1874.39041667895
06/26/15, 177.13, 181.02, 176.99, 177.13, 148948.484886962
06/25/15, 178.87, 181.16, 178.38, 178.87, 60262.876517177
06/24/15, 180.46, 180.46, 180.46, 180.46, 11947.9782671165
06/23/15, 180.95, 182.55, 180.46, 180.95, 5173.66332536058
06/22/15, 180.46, 180.88, 180.46, 180.46, 2431.95313094087
06/19/15, 180.88, 183.24, 180.46, 180.88, 475250.897747158
06/18/15, 180.95, 183.24, 180.46, 180.95, 2522.71915419281
06/17/15, 180.46, 180.46, 178.38, 180.46, 23502.6371001412
06/16/15, 183.24, 183.93, 177.76, 183.24, 416.371122536678
06/15/15, 180.46, 183.24, 179.77, 180.46, 8023.42830936594
06/12/15, 179.77, 180.53, 179.08, 179.77, 548043.807664686
06/11/15, 180.53, 184.63, 180.46, 180.53, 242892.759683247
06/10/15, 184.00, 186.71, 181.85, 184.00, 12403.249113904
06/09/15, 183.93, 184.35, 183.93, 183.93, 6817.53685759017
06/08/15, 184.42, 187.34, 184.28, 184.42, 13571.6815719568
06/05/15, 187.34, 189.49, 186.36, 187.34, 5340.78806658638
06/04/15, 186.71, 187.47, 186.71, 186.71, 1413.35664778021
06/03/15, 188.10, 189.49, 188.10, 188.10, 2201.4362464915
06/01/15, 190.04, 190.74, 189.49, 190.04, 2782.05064919835
05/29/15, 190.88, 190.94, 190.88, 190.88, 366864.740140119
05/28/15, 190.94, 192.96, 190.18, 190.94, 38964.5571245829
05/27/15, 190.94, 191.57, 190.88, 190.94, 1007183.01591936
05/26/15, 191.57, 191.71, 189.49, 191.57, 14038.4782629667
05/25/15, 191.43, 191.71, 190.88, 191.43, 40860.5584991789
05/22/15, 191.71, 194.35, 191.57, 191.71, 6644.64919425314
05/21/15, 194.00, 194.35, 190.18, 194.00, 179793.084756815
05/20/15, 190.88, 192.96, 183.93, 190.88, 943344.246232164
05/19/15, 187.40, 187.47, 181.85, 187.40, 305535.723032364
05/18/15, 184.63, 186.57, 183.93, 184.63, 38566.9154989077
05/15/15, 184.70, 187.40, 183.93, 184.70, 18824.5850763468
05/14/15, 187.40, 188.72, 187.40, 187.40, 54710.3010630028
05/13/15, 187.40, 188.79, 186.78, 187.40, 12757.6688237449
05/12/15, 188.79, 188.79, 187.40, 188.79, 36206.9988943572
05/11/15, 187.54, 188.52, 186.02, 187.54, 31894.8924246262
05/08/15, 187.40, 188.10, 187.40, 187.40, 41315.8293459664
05/07/15, 187.40, 188.72, 187.40, 187.40, 144973.509360738
05/06/15, 187.40, 190.18, 187.40, 187.40, 36142.1660206059
05/05/15, 188.31, 190.18, 184.21, 188.31, 250213.111495043
04/30/15, 184.91, 185.32, 183.93, 184.91, 40284.2662880555
04/29/15, 183.93, 183.93, 182.62, 183.93, 28983.1760279251
04/28/15, 183.17, 183.87, 182.89, 183.17, 6042.42383362916
04/27/15, 183.24, 183.24, 182.55, 183.24, 6741.17813961631
04/24/15, 182.62, 184.63, 182.62, 182.62, 5186.62990011086
04/23/15, 182.69, 183.93, 182.55, 182.69, 8774.04891435421
04/22/15, 183.24, 184.63, 183.24, 183.24, 9268.21948539255
04/21/15, 183.93, 184.63, 181.51, 183.93, 166302.084094416
04/20/15, 181.16, 181.51, 180.46, 181.16, 37051.2669836531
04/17/15, 181.78, 181.85, 180.46, 181.78, 121565.960475432
04/16/15, 181.16, 182.41, 173.66, 181.16, 129488.537647851
04/15/15, 173.59, 173.59, 170.89, 173.59, 24299.3610820194
04/10/15, 170.26, 171.44, 170.26, 170.26, 316.960716117886
04/09/15, 170.05, 173.52, 170.05, 170.05, 109641.03389676
04/08/15, 170.05, 173.52, 170.05, 170.05, 162.802549642369
04/07/15, 172.13, 173.52, 172.13, 172.13, 2854.08717558878
04/06/15, 170.05, 172.83, 170.05, 170.05, 5105.94899055358
04/02/15, 173.52, 176.99, 171.44, 173.52, 19572.3242202795
04/01/15, 172.83, 175.61, 172.83, 172.83, 20922.2887248361
03/31/15, 172.13, 172.48, 170.05, 172.13, 434247.706925726
03/30/15, 173.45, 175.61, 172.76, 173.45, 60517.8858205991
03/27/15, 175.61, 176.99, 175.61, 175.61, 4178.11853064486
03/26/15, 175.95, 176.99, 174.91, 175.95, 158048.1389006
03/25/15, 176.99, 178.38, 176.99, 176.99, 107053.481868816
03/24/15, 178.45, 178.52, 178.38, 178.45, 52837.3513768516
03/23/15, 179.08, 179.77, 179.08, 179.08, 2473.73431624732
03/20/15, 179.77, 181.09, 179.77, 179.77, 737.654030237989
03/19/15, 180.60, 181.44, 180.53, 180.60, 14152.2959746636
03/18/15, 180.46, 181.16, 180.39, 180.46, 36529.7225325864
03/17/15, 181.02, 181.16, 180.39, 181.02, 486746.486628543
03/16/15, 180.39, 180.46, 178.45, 180.39, 21638.331797157
03/13/15, 180.26, 180.46, 178.03, 180.26, 5777.32941651238
03/12/15, 180.53, 181.16, 180.46, 180.53, 74982.8203197972
03/11/15, 180.46, 181.78, 180.46, 180.46, 397092.707344071
03/10/15, 181.51, 181.85, 180.46, 181.51, 70453.163540367
03/09/15, 180.46, 181.16, 180.46, 180.46, 40537.8348609498
03/06/15, 181.85, 182.55, 180.46, 181.85, 65682.9047627928
03/04/15, 180.46, 181.16, 180.46, 180.46, 155771.784666663
03/03/15, 180.46, 180.60, 179.77, 180.46, 93244.0797597708
03/02/15, 180.53, 181.09, 180.46, 180.53, 273159.62661145
02/27/15, 180.46, 180.60, 180.39, 180.46, 242132.053964564
02/26/15, 180.53, 181.16, 176.99, 180.53, 349552.922117972
02/25/15, 176.99, 177.06, 174.91, 176.99, 230957.747990881
02/24/15, 177.06, 177.69, 176.99, 177.06, 154779.121333003
02/23/15, 177.97, 178.03, 176.99, 177.97, 93973.089406842
02/20/15, 177.06, 177.69, 174.91, 177.06, 651365.797466478
02/19/15, 174.08, 174.91, 172.13, 174.08, 130688.666177516
02/18/15, 172.13, 173.52, 172.13, 172.13, 7769.85973647163
02/16/15, 173.52, 174.91, 172.83, 173.52, 76296.7665611586
02/13/15, 173.52, 174.22, 173.52, 173.52, 55494.0584701306
02/12/15, 173.59, 173.87, 171.44, 173.59, 328274.772952767
02/11/15, 173.52, 174.22, 166.65, 173.52, 431070.896111908
02/10/15, 167.42, 168.66, 163.46, 167.42, 91173.7499913099
02/09/15, 163.81, 165.82, 162.07, 163.81, 343668.978642401
02/06/15, 161.52, 163.11, 155.48, 161.52, 297667.893620001
02/05/15, 155.48, 157.49, 154.78, 155.48, 93147.5508144077
02/02/15, 157.56, 164.50, 152.70, 157.56, 129491.419108907
01/30/15, 164.78, 166.65, 163.11, 164.78, 220261.76455243
01/29/15, 173.25, 173.52, 170.75, 173.25, 225272.625328148
01/28/15, 171.37, 173.52, 168.04, 171.37, 117075.203420252
01/27/15, 168.87, 170.05, 166.65, 168.87, 12387.4010780981
01/26/15, 166.58, 167.97, 166.58, 166.58, 40004.7645656606
01/23/15, 166.58, 167.28, 165.89, 166.58, 29627.1825738555
01/22/15, 166.58, 167.90, 165.89, 166.58, 8527.68399409894
01/21/15, 166.58, 167.28, 164.50, 166.58, 300539.269561924
01/20/15, 166.58, 167.90, 165.54, 166.58, 134191.082090618
01/19/15, 163.94, 168.39, 163.11, 163.94, 223994.697349982
01/16/15, 169.43, 173.52, 168.04, 169.43, 29504.7204789918
01/13/15, 173.38, 175.54, 172.83, 173.38, 10495.7218950855
01/12/15, 174.63, 180.46, 174.36, 174.63, 19786.9930689229
01/09/15, 178.24, 180.46, 177.41, 178.24, 71271.4984801623
01/08/15, 176.85, 176.99, 174.91, 176.85, 76178.6266578783
01/07/15, 174.29, 175.95, 174.22, 174.29, 43937.958906578
01/06/15, 175.33, 176.65, 173.45, 175.33, 303438.019383875
01/02/15, 173.31, 173.59, 172.13, 173.31, 34835.4234318835
12/31/14, 173.52, 173.52, 169.64, 173.52, 77311.0408527358
12/30/14, 173.52, 173.52, 169.91, 173.52, 123384.162401526
12/29/14, 169.43, 170.05, 166.58, 169.43, 45025.7104550735
12/26/14, 167.35, 167.35, 166.58, 167.35, 3492.33079940798
12/24/14, 167.00, 167.28, 166.93, 167.00, 5729.7853090947
12/23/14, 167.83, 168.66, 167.28, 167.83, 21233.4865188427
12/22/14, 167.28, 167.35, 166.58, 167.28, 17316.1402137312
12/19/14, 167.28, 167.97, 166.58, 167.28, 13544.3076919284
12/18/14, 167.97, 167.97, 167.28, 167.97, 31360.3813988092
12/17/14, 167.76, 167.97, 167.28, 167.76, 22752.016495153
12/16/14, 168.11, 169.01, 167.62, 168.11, 12182.8173431493
12/15/14, 167.97, 168.18, 167.62, 167.97, 35731.5578201804
12/12/14, 167.97, 169.29, 167.97, 167.97, 16751.3738468303
12/11/14, 167.97, 168.66, 167.62, 167.97, 21279.5898957326
12/10/14, 167.48, 167.48, 167.35, 167.48, 1374.45692352938
12/09/14, 167.97, 169.36, 167.28, 167.97, 16843.58060061
12/08/14, 167.42, 169.98, 166.65, 167.42, 104790.094209629
12/05/14, 166.44, 167.90, 165.89, 166.44, 49440.108792279
12/04/14, 166.58, 167.35, 166.58, 166.58, 42219.1673869024
12/03/14, 166.65, 167.28, 166.58, 166.65, 27827.7101446226
12/02/14, 166.51, 167.97, 165.89, 166.51, 25523.9820306567
12/01/14, 166.58, 166.58, 165.19, 166.58, 132905.950459813
11/28/14, 166.44, 166.58, 163.11, 166.44, 54498.5136754149
11/27/14, 164.01, 166.65, 161.72, 164.01, 59048.3406822344
11/26/14, 168.46, 173.38, 166.58, 168.46, 7158.9899926808
11/25/14, 171.44, 173.52, 170.75, 171.44, 28055.3455680163
11/24/14, 173.45, 175.54, 170.75, 173.45, 78243.193504228
11/21/14, 174.49, 180.46, 170.05, 174.49, 179987.583378069
11/20/14, 180.05, 180.53, 179.77, 180.05, 119401.983222663
11/19/14, 181.64, 182.89, 181.16, 181.64, 157192.344967082
11/18/14, 183.24, 183.93, 182.55, 183.24, 195384.67052876
11/17/14, 182.20, 183.24, 180.46, 182.20, 71222.5136422168
11/14/14, 179.77, 180.39, 177.69, 179.77, 78058.7799966685
11/13/14, 178.31, 180.12, 174.29, 178.31, 162149.898713271
11/12/14, 174.29, 177.69, 170.47, 174.29, 134095.993875783
11/11/14, 170.75, 171.09, 169.01, 170.75, 126795.812291377
11/10/14, 170.61, 171.02, 169.98, 170.61, 133777.592429137
11/07/14, 170.12, 170.40, 168.66, 170.12, 101642.098006367
11/05/14, 169.36, 169.98, 168.80, 169.36, 39553.8159104566
11/04/14, 169.71, 170.05, 168.73, 169.71, 61960.0570789355
11/03/14, 168.80, 170.05, 168.66, 168.80, 65004.320684195
10/31/14, 168.66, 169.01, 166.58, 168.66, 599402.969520006
10/30/14, 166.58, 167.28, 166.44, 166.58, 938710.856854731
10/29/14, 166.58, 170.26, 165.89, 166.58, 345160.134738683
10/28/14, 168.66, 170.05, 168.66, 168.66, 25869.7573573307
10/27/14, 170.05, 170.26, 170.05, 170.05, 4322.19158342572
10/24/14, 170.26, 170.75, 167.97, 170.26, 16633.23394355
10/23/14, 168.32, 168.46, 165.61, 168.32, 7452790.96556416
10/21/14, 166.58, 170.05, 165.89, 166.58, 91983.4405479384
10/20/14, 166.58, 170.05, 166.58, 166.58, 87334.2031347001
10/17/14, 166.58, 168.66, 166.58, 166.58, 24155.2880292385
10/16/14, 170.12, 171.44, 170.05, 170.12, 1656.84010697986
10/15/14, 171.72, 173.31, 171.09, 171.72, 64658.545357521
10/14/14, 171.37, 173.52, 166.58, 171.37, 54283.8448267714
10/13/14, 170.12, 178.73, 166.58, 170.12, 80454.7148644141
10/10/14, 178.73, 181.71, 178.38, 178.73, 5951.65781037722
10/09/14, 181.85, 183.59, 181.78, 181.85, 5590.03444789726
10/07/14, 183.03, 183.93, 182.62, 183.03, 6937.11749139828
10/03/14, 183.93, 184.63, 181.44, 183.93, 207713.001655218
10/02/14, 181.16, 181.78, 178.38, 181.16, 98054.6789921236
10/01/14, 178.87, 179.77, 178.73, 178.87, 2240.33597074233
09/30/14, 178.73, 179.77, 176.30, 178.73, 473376.507330479
09/29/14, 176.99, 178.38, 174.91, 176.99, 215053.523694402
09/26/14, 174.91, 174.98, 172.83, 174.91, 199861.020278661
09/25/14, 172.13, 172.27, 172.13, 172.13, 61326.1356466997
09/24/14, 170.75, 172.83, 170.75, 170.75, 14979.2752976257
09/23/14, 171.44, 172.90, 170.75, 171.44, 98028.7458426231
09/22/14, 170.68, 172.83, 169.36, 170.68, 124235.634143461
09/19/14, 168.60, 169.36, 166.58, 168.60, 21210.4348303978
09/18/14, 167.97, 169.36, 166.58, 167.97, 85887.7096847803
09/17/14, 166.51, 170.05, 164.64, 166.51, 45943.4558012876
09/16/14, 169.71, 172.13, 169.36, 169.71, 50563.8786039697
09/15/14, 170.05, 170.75, 169.36, 170.05, 33936.4075825309
09/12/14, 171.02, 173.52, 170.47, 171.02, 64134.1194453986
09/11/14, 172.20, 173.45, 167.97, 172.20, 324975.500044085
09/10/14, 169.98, 170.05, 164.15, 169.98, 108438.02390604
09/09/14, 166.30, 167.28, 163.81, 166.30, 22857.189823683
09/05/14, 164.22, 165.19, 161.45, 164.22, 145774.555534199
09/04/14, 161.52, 162.07, 160.34, 161.52, 13315.2315380068
09/03/14, 161.38, 161.65, 161.03, 161.38, 35364.1715355892
09/02/14, 160.34, 161.65, 159.64, 160.34, 95073.8075300877
09/01/14, 159.64, 161.65, 159.50, 159.64, 20350.3187052961
08/29/14, 159.64, 160.34, 159.64, 159.64, 17352.1584769265
08/28/14, 159.64, 160.34, 158.95, 159.64, 8121.39798525692
08/27/14, 159.78, 160.34, 159.64, 159.78, 1145.38076960782
08/26/14, 162.42, 163.74, 162.42, 162.42, 3097.57063478843
08/25/14, 163.04, 163.53, 162.97, 163.04, 16647.6412488281
08/22/14, 163.25, 164.50, 163.18, 163.25, 4777.46243021323
08/21/14, 163.25, 165.12, 162.42, 163.25, 41539.1425777768
08/20/14, 165.06, 166.58, 161.38, 165.06, 7977.32493247607
08/19/14, 161.31, 161.45, 159.64, 161.31, 18667.5454488157
08/18/14, 159.29, 159.99, 156.17, 159.29, 54129.6866602959
08/15/14, 158.25, 159.50, 157.21, 158.25, 176405.927285937
08/14/14, 157.91, 159.64, 156.86, 157.91, 47735.7245778814
08/13/14, 156.52, 158.95, 156.52, 156.52, 33263.5864260443
08/12/14, 157.63, 158.95, 156.17, 157.63, 18154.6453809158
08/11/14, 158.95, 159.64, 153.39, 158.95, 48363.883088006
08/08/14, 152.70, 153.39, 150.97, 152.70, 265061.280314638
08/07/14, 151.31, 152.01, 150.90, 151.31, 13874.2349827966
08/06/14, 150.06, 150.62, 149.92, 150.06, 16486.2794297135
08/05/14, 149.92, 150.13, 149.23, 149.92, 50998.9792233679
08/04/14, 149.79, 149.92, 148.74, 149.79, 83766.954347846
08/01/14, 149.23, 150.27, 148.61, 149.23, 2831.03548714385
07/31/14, 149.37, 149.92, 147.15, 149.37, 390906.210457661
07/30/14, 147.84, 147.84, 145.76, 147.84, 103718.190696939
07/28/14, 147.15, 147.15, 145.76, 147.15, 177202.651267815
07/25/14, 147.01, 147.49, 145.76, 147.01, 192872.036488261
07/24/14, 146.31, 147.49, 145.90, 146.31, 62333.2062856379
07/23/14, 147.01, 147.15, 145.76, 147.01, 444069.166933797
07/22/14, 145.20, 145.83, 145.13, 145.20, 11864.4158965036
07/21/14, 145.83, 146.45, 145.76, 145.83, 51004.7421454791
07/18/14, 145.48, 146.11, 144.09, 145.48, 15714.0478668081
07/17/14, 145.13, 146.11, 145.07, 145.13, 4469.14609726219
07/16/14, 145.76, 146.11, 145.20, 145.76, 32234.904829189
07/15/14, 145.83, 147.15, 145.07, 145.83, 44661.205631538
07/14/14, 146.45, 149.23, 146.45, 146.45, 1456.57856361447
07/11/14, 148.67, 150.62, 145.76, 148.67, 40411.0505745027
07/10/14, 150.62, 151.31, 148.19, 150.62, 532250.519618849
07/09/14, 148.19, 148.54, 145.76, 148.19, 92669.2282791752
07/08/14, 146.38, 146.45, 143.61, 146.38, 254767.260693446
07/07/14, 144.02, 144.37, 143.68, 144.02, 4878.31356715983
07/04/14, 144.37, 145.41, 144.37, 144.37, 14281.9617221664
07/03/14, 145.34, 145.76, 143.68, 145.34, 32521.6102042229
07/02/14, 143.82, 144.37, 143.68, 143.82, 76419.2286560223
07/01/14, 142.98, 143.95, 142.98, 142.98, 59716.8396471375
06/30/14, 141.66, 145.07, 138.75, 141.66, 31148.5940112213
06/27/14, 138.82, 138.82, 138.75, 138.82, 4826.44726815872
06/26/14, 138.89, 139.23, 136.81, 138.89, 50438.5350480503
06/25/14, 139.17, 139.17, 136.81, 139.17, 53938.0695000974
06/24/14, 138.75, 138.82, 137.43, 138.75, 15316.4062411329
06/23/14, 135.35, 138.82, 135.35, 135.35, 159.921088586752
06/20/14, 138.12, 140.07, 137.43, 138.12, 76508.5539487464
06/19/14, 138.96, 139.51, 138.82, 138.96, 27460.3238600314
06/18/14, 139.51, 140.07, 139.17, 139.51, 4271.76601495242
06/17/14, 139.17, 140.07, 138.89, 139.17, 40441.3059155866
06/16/14, 139.03, 140.55, 136.74, 139.03, 821356.151712084
06/13/14, 136.88, 137.43, 136.04, 136.88, 9978.49963560218
06/11/14, 135.63, 137.29, 135.42, 135.63, 5729.7853090947
06/10/14, 136.60, 137.29, 136.60, 136.60, 227743.47818334
06/09/14, 136.74, 137.43, 136.74, 136.74, 2529.92280683185
06/06/14, 136.46, 137.43, 134.65, 136.46, 12041.6257514241
06/05/14, 136.74, 137.01, 135.00, 136.74, 10733.4424321739
06/04/14, 134.79, 134.79, 134.65, 134.79, 2323.89834135523
06/03/14, 135.28, 135.35, 135.14, 135.28, 19318.7556473852
06/02/14, 135.63, 136.04, 135.35, 135.63, 23384.497196861
05/30/14, 134.79, 135.35, 134.79, 134.79, 3549.96002052032
05/29/14, 135.63, 136.11, 135.07, 135.63, 18465.8431749225
05/28/14, 135.35, 135.49, 134.65, 135.35, 47225.7059710372
05/27/14, 135.35, 137.08, 135.35, 135.35, 4751.52928071267
05/26/14, 136.81, 137.22, 136.46, 136.81, 8069.53168625582
05/23/14, 137.57, 138.12, 137.43, 137.57, 7059.57958626201
05/22/14, 138.12, 138.75, 136.74, 138.12, 284509.701709526
05/21/14, 137.43, 138.12, 137.43, 137.43, 15126.2298114622
05/20/14, 138.47, 138.47, 137.50, 138.47, 181624.25325766
05/19/14, 137.85, 139.51, 135.35, 137.85, 276090.072505012
05/16/14, 133.96, 134.45, 133.96, 133.96, 113.817711696877
05/13/14, 134.52, 134.65, 133.27, 134.52, 253653.57599545
05/12/14, 134.65, 134.65, 133.27, 134.65, 9530.43244145371
05/09/14, 133.27, 133.47, 133.27, 133.27, 12375.8752338756
05/08/14, 133.47, 133.89, 133.27, 133.47, 13476.5933571214
05/07/14, 133.54, 133.61, 133.27, 133.54, 75224.863048469
05/06/14, 133.34, 135.21, 132.99, 133.34, 14793.4210595384
05/05/14, 132.99, 136.04, 132.71, 132.99, 2152.45140854601
05/02/14, 135.35, 135.35, 134.65, 135.35, 16696.6260867736
04/30/14, 135.00, 135.07, 134.65, 135.00, 19049.339038685
04/29/14, 134.65, 134.65, 134.31, 134.65, 31634.1201990928
04/28/14, 133.40, 133.96, 133.13, 133.40, 104794.416401212
04/25/14, 133.13, 133.13, 130.49, 133.13, 92948.7300015701
04/24/14, 130.49, 130.84, 130.49, 130.49, 16728.3221583853
04/23/14, 130.28, 130.49, 129.45, 130.28, 149266.886333607
04/22/14, 130.49, 130.49, 128.41, 130.49, 64304.12564768
04/21/14, 128.68, 129.80, 128.41, 128.68, 4061.41935789237
04/17/14, 128.41, 128.75, 127.71, 128.41, 8912.35904502383
04/16/14, 127.64, 128.06, 126.46, 127.64, 2627.89248272284
04/11/14, 127.02, 127.02, 125.08, 127.02, 48193.8768857246
04/10/14, 125.08, 125.77, 125.01, 125.08, 4502.28289940179
04/09/14, 125.35, 125.98, 124.94, 125.35, 20475.6622612154
04/08/14, 126.32, 126.32, 126.32, 126.32, 3303.59510026506
04/07/14, 126.05, 126.95, 125.98, 126.05, 1764.8948965655
04/04/14, 125.98, 126.32, 124.94, 125.98, 49115.9444235221
04/03/14, 126.26, 126.26, 124.03, 126.26, 72536.4598835782
04/02/14, 125.35, 125.56, 124.94, 125.35, 14996.5640639594
04/01/14, 124.94, 124.94, 123.69, 124.94, 1689.97690911946
03/31/14, 123.96, 124.24, 123.62, 123.96, 5581.39006473041
03/28/14, 123.62, 124.94, 123.62, 123.62, 985.459681021064
03/27/14, 125.56, 125.63, 123.62, 125.56, 9999434.89090176
03/26/14, 124.94, 125.63, 124.94, 124.94, 246327.461261543
03/25/14, 124.24, 124.94, 123.90, 124.24, 82791.5797805196
03/24/14, 124.24, 124.94, 123.90, 124.24, 4846.61749554804
03/21/14, 124.24, 124.24, 123.55, 124.24, 2466.53066360828
03/20/14, 124.24, 124.87, 123.96, 124.24, 8083.9389915339
03/19/14, 123.96, 124.94, 123.55, 123.96, 5103.06752949797
03/18/14, 124.87, 124.94, 124.87, 124.87, 233863.701465471
03/17/14, 124.94, 124.94, 124.87, 124.94, 25309.3131820132
03/14/14, 124.24, 124.24, 124.24, 124.24, 309.757063478843
03/13/14, 124.24, 124.94, 124.24, 124.24, 4120.48930953252
03/12/14, 124.94, 125.98, 124.94, 124.94, 105733.772705343
03/11/14, 124.94, 125.21, 124.94, 124.94, 222588.544354841
03/10/14, 126.26, 126.32, 124.94, 126.26, 62543.552942698
03/07/14, 125.42, 125.63, 124.94, 125.42, 23980.9596353737
03/06/14, 124.94, 124.94, 124.45, 124.94, 73729.3847606037
03/05/14, 124.24, 124.24, 123.55, 124.24, 36152.2511343005
03/04/14, 124.94, 124.94, 123.55, 124.94, 31785.3969045127
03/03/14, 124.52, 124.94, 122.85, 124.52, 8794.21914174353
02/28/14, 124.66, 124.94, 121.47, 124.66, 24898.7049815878
02/26/14, 121.47, 122.16, 119.73, 121.47, 73153.0925494803
02/25/14, 122.16, 126.32, 121.47, 122.16, 54148.4161571574
02/24/14, 127.44, 128.41, 127.02, 127.44, 94655.9956770232
02/21/14, 128.41, 128.41, 127.02, 128.41, 400451.050204393
02/20/14, 127.71, 129.03, 127.02, 127.71, 10809.8011501477
02/19/14, 128.27, 128.41, 127.71, 128.27, 73673.1962700192
02/18/14, 128.41, 128.41, 127.71, 128.41, 57960.5891337389
02/17/14, 128.41, 128.48, 128.27, 128.41, 116467.215137517
02/13/14, 126.81, 127.37, 125.63, 126.81, 34963.6484488584
02/12/14, 126.74, 127.02, 125.70, 126.74, 39983.1536077435
02/11/14, 125.84, 126.32, 124.87, 125.84, 29775.5778182198
02/10/14, 124.94, 126.39, 124.87, 124.94, 33116.6319122079
02/07/14, 128.06, 128.41, 128.06, 128.06, 51768.3293252176
02/06/14, 128.62, 128.96, 128.41, 128.62, 116062.369859203
02/05/14, 128.41, 129.80, 128.41, 128.41, 241817.974709502
02/03/14, 129.73, 129.80, 129.10, 129.73, 101464.888151447
01/31/14, 128.75, 130.49, 128.75, 128.75, 11112.3545609875
01/30/14, 129.93, 130.49, 128.41, 129.93, 78044.3726913904
01/29/14, 128.75, 128.75, 127.71, 128.75, 475392.089338884
01/28/14, 128.48, 128.48, 126.39, 128.48, 167827.817723365
01/27/14, 127.30, 128.41, 127.02, 127.30, 23871.4641152602
01/24/14, 128.41, 128.96, 127.71, 128.41, 49902.5832917055
01/23/14, 128.89, 129.10, 126.67, 128.89, 393600.376544663
01/22/14, 126.67, 126.95, 125.63, 126.67, 36555.6556820869
01/21/14, 124.94, 125.70, 124.94, 124.94, 49623.0815693107
01/20/14, 126.32, 127.02, 125.70, 126.32, 94771.2541192479
01/17/14, 126.46, 130.07, 124.94, 126.46, 31510.2173737013
01/16/14, 129.03, 129.80, 127.71, 129.03, 119267.995283577
01/13/14, 128.27, 128.41, 124.94, 128.27, 201134.626065244
01/10/14, 125.28, 126.32, 120.08, 125.28, 474196.283000802
01/09/14, 120.08, 120.08, 119.04, 120.08, 11776.5313343073
01/08/14, 118.07, 118.69, 115.84, 118.07, 87815.4071309881
01/07/14, 115.50, 115.84, 114.66, 115.50, 18794.3297352628
01/06/14, 114.66, 115.22, 113.90, 114.66, 98211.7186196548
01/03/14, 114.39, 115.91, 113.83, 114.39, 53138.4640571636
01/02/14, 113.41, 113.83, 111.40, 113.41, 22413.444821118
12/31/13, 111.40, 111.75, 111.40, 111.40, 19738.0082309774
12/30/13, 111.12, 111.12, 110.99, 111.12, 12859.9606912193
12/27/13, 111.12, 111.40, 110.36, 111.12, 17159.1005862001
12/26/13, 110.64, 111.05, 110.36, 110.64, 2388.73121510661
12/24/13, 110.43, 111.05, 109.74, 110.43, 276.620261339246
12/23/13, 111.47, 112.30, 111.05, 111.47, 26575.7153159569
12/20/13, 111.05, 111.12, 111.05, 111.05, 4430.24637301136
12/19/13, 111.05, 111.12, 108.63, 111.05, 198864.034753417
12/18/13, 108.63, 108.63, 108.63, 108.63, 662.736042791944
12/17/13, 108.97, 110.36, 108.28, 108.97, 12056.0330567021
12/13/13, 108.42, 108.49, 108.28, 108.42, 11541.6922582745
12/12/13, 108.97, 109.53, 108.97, 108.97, 644.006545930432
12/11/13, 108.07, 108.97, 107.93, 108.07, 9364.74843075572
12/10/13, 108.63, 109.67, 108.28, 108.63, 2305.16884449372
12/09/13, 109.67, 110.36, 109.60, 109.67, 3274.78048970889
12/06/13, 110.71, 110.85, 107.65, 110.71, 754.942796571692
12/05/13, 111.05, 111.05, 108.97, 111.05, 51856.213887414
12/04/13, 111.05, 112.44, 106.89, 111.05, 138302.927016984
12/03/13, 106.27, 108.28, 106.20, 106.27, 5337.90660553076
12/02/13, 108.07, 110.01, 106.89, 108.07, 14695.4513836474
11/29/13, 106.75, 107.58, 105.85, 106.75, 21484.1736306814
11/28/13, 105.50, 105.85, 105.15, 105.50, 331610.064124644
11/27/13, 105.15, 106.13, 105.15, 105.15, 1620.82184378464
11/26/13, 104.81, 104.81, 104.81, 104.81, 141911.956989144
11/25/13, 104.81, 105.50, 104.81, 104.81, 1152.58442224686
11/22/13, 105.43, 105.50, 104.81, 105.43, 147370.884959011
11/21/13, 104.53, 105.50, 104.11, 104.53, 152050.377713333
11/20/13, 105.50, 105.50, 105.15, 105.50, 821.216400850886
11/19/13, 105.15, 105.15, 104.11, 105.15, 24077.4885807369
11/18/13, 104.11, 104.81, 104.11, 104.11, 2469.41212466389
11/15/13, 104.25, 105.50, 104.11, 104.25, 21884.6967174122
11/14/13, 104.46, 105.50, 104.11, 104.46, 34444.9854588474
11/13/13, 104.81, 104.81, 104.18, 104.81, 10221.9830948018
11/12/13, 104.60, 104.88, 104.46, 104.60, 8719.30115429748
11/11/13, 104.81, 105.15, 104.81, 104.81, 2734.50654178067
11/08/13, 105.50, 105.85, 104.81, 105.50, 9366.18916128353
11/07/13, 105.50, 105.50, 105.15, 105.50, 2636.53686588969
11/06/13, 105.50, 105.92, 105.50, 105.50, 82572.5887402927
11/05/13, 107.38, 107.38, 104.88, 107.38, 4467.70536673438
11/04/13, 109.94, 111.05, 109.04, 109.94, 42089.5016393996
11/01/13, 110.01, 110.36, 109.67, 110.01, 2544.33011210994
10/31/13, 109.74, 109.74, 109.60, 109.74, 61769.8806492648
10/30/13, 109.67, 109.67, 108.97, 109.67, 20868.9816953072
10/29/13, 109.67, 110.36, 109.67, 109.67, 132888.661693479
10/28/13, 109.74, 110.36, 108.28, 109.74, 159082.583419567
10/25/13, 106.61, 106.89, 105.57, 106.61, 10112000.60777
10/24/13, 106.20, 106.54, 106.20, 106.20, 98690.0411548872
10/23/13, 106.27, 108.28, 106.20, 106.27, 79385.6928127802
10/22/13, 106.89, 108.28, 106.89, 106.89, 90162.3571607883
10/21/13, 107.45, 108.28, 106.96, 107.45, 32655.5981433091
10/17/13, 108.42, 108.97, 108.28, 108.42, 10429.4482908063
10/15/13, 108.35, 108.97, 107.93, 108.35, 12953.6081755269
10/14/13, 108.28, 109.32, 106.61, 108.28, 30759.596768713
10/11/13, 106.75, 107.58, 106.20, 106.75, 41572.2793799164
10/10/13, 105.29, 106.20, 103.21, 105.29, 168131.811864733
10/09/13, 103.07, 103.42, 102.73, 103.07, 15984.9052060361
10/08/13, 100.92, 104.04, 100.71, 100.92, 11426.4338160498
10/07/13, 103.42, 103.42, 102.03, 103.42, 19805.7225657844
10/04/13, 101.62, 102.03, 101.34, 101.62, 5770.12576387333
10/03/13, 100.85, 102.03, 100.71, 100.85, 14191.1956989144
10/02/13, 100.64, 104.04, 99.95, 100.64, 11537.370066691
10/01/13, 99.81, 100.64, 99.67, 99.81, 4303.46208656421
09/30/13, 99.81, 100.64, 99.67, 99.81, 596.462438512749
09/27/13, 99.95, 100.64, 99.32, 99.95, 3146.55547273392
09/26/13, 99.95, 99.95, 99.95, 99.95, 316.960716117886
09/25/13, 101.34, 101.68, 99.95, 101.34, 9442.54787925739
09/24/13, 101.68, 102.03, 99.39, 101.68, 44096.439264637
09/23/13, 100.57, 102.73, 98.56, 100.57, 8385.0516718459
09/20/13, 101.34, 101.34, 99.19, 101.34, 33646.8207464414
09/18/13, 97.52, 97.94, 95.78, 97.52, 41713.4709716416
09/17/13, 97.24, 99.26, 97.17, 97.24, 46519.748012411
09/16/13, 98.91, 99.60, 98.91, 98.91, 29483.1095210746
09/13/13, 99.26, 99.60, 99.26, 99.26, 8690.48654374131
09/12/13, 99.60, 100.30, 99.32, 99.60, 35040.0071668323
09/11/13, 99.46, 99.95, 99.26, 99.46, 9481.44760350822
09/10/13, 98.49, 99.60, 97.52, 98.49, 262505.424358305
09/09/13, 99.26, 99.60, 99.26, 99.26, 12066.1181703968
09/06/13, 99.05, 99.39, 98.56, 99.05, 15921.5130628125
09/05/13, 98.49, 100.64, 97.94, 98.49, 14823.6764006224
09/04/13, 100.64, 102.03, 100.64, 100.64, 320912.639955665
09/03/13, 101.55, 102.03, 101.34, 101.55, 3457.75326674058
09/02/13, 101.48, 104.11, 101.34, 101.48, 3848.1912397767
08/30/13, 104.04, 104.11, 102.03, 104.04, 5898.3507808483
08/29/13, 101.82, 102.38, 97.52, 101.82, 115602.776820832
08/28/13, 98.14, 103.42, 97.17, 98.14, 387519.052986783
08/27/13, 104.04, 104.32, 103.84, 104.04, 267598.406774109
08/26/13, 104.32, 106.54, 104.11, 104.32, 37853.7538876424
08/23/13, 106.27, 111.05, 105.50, 106.27, 19032.0502723512
08/22/13, 110.57, 111.05, 110.36, 110.57, 29608.453076994
08/21/13, 110.71, 112.58, 110.57, 110.71, 22086.3989913054
08/19/13, 111.75, 112.58, 111.19, 111.75, 4754.41074176829
08/16/13, 112.58, 114.53, 110.71, 112.58, 12786.4834343011
08/15/13, 114.18, 114.53, 113.14, 114.18, 864.438316685144
08/14/13, 110.64, 111.05, 110.01, 110.64, 27419.9834052528
08/13/13, 111.05, 111.05, 110.36, 111.05, 22061.9065723327
08/12/13, 110.99, 112.44, 110.43, 110.99, 35774.7797360147
08/08/13, 111.12, 113.21, 111.05, 111.12, 38844.9764907747
08/07/13, 113.21, 114.53, 113.14, 113.21, 1463.78221625351
08/06/13, 114.53, 115.64, 114.53, 114.53, 8788.4562196323
08/05/13, 116.26, 116.61, 115.64, 116.26, 3315.12094448753
08/02/13, 117.30, 117.30, 115.22, 117.30, 316848.339136717
08/01/13, 115.91, 116.54, 115.22, 115.91, 77685.6307899661
07/31/13, 115.91, 115.91, 114.53, 115.91, 433684.381289353
07/30/13, 115.50, 116.26, 114.66, 115.50, 38647.596408465
07/29/13, 115.29, 115.29, 115.29, 115.29, 288.146105561715
07/26/13, 115.29, 116.61, 114.53, 115.29, 2921.80151039579
07/25/13, 116.61, 116.61, 115.91, 116.61, 85863.2172658075
07/24/13, 116.33, 116.61, 115.91, 116.33, 18294.3962421133
07/23/13, 115.22, 115.22, 114.53, 115.22, 49281.62843422
07/19/13, 114.53, 114.66, 114.39, 114.53, 1383.10130669623
07/18/13, 114.39, 117.30, 111.89, 114.39, 1177686.27023287
07/17/13, 113.00, 113.07, 113.00, 113.00, 122.462094863729
07/16/13, 112.10, 113.83, 111.75, 112.10, 38339.2800755139
07/15/13, 113.76, 113.76, 113.76, 113.76, 576.292211123429
07/12/13, 112.44, 113.83, 111.47, 112.44, 41379.22148919
07/11/13, 111.75, 113.83, 111.40, 111.75, 22753.4572256808
07/10/13, 110.64, 110.78, 110.36, 110.64, 53151.4306319139
07/09/13, 110.64, 112.44, 109.67, 110.64, 11059.0475314586
07/08/13, 111.26, 112.37, 111.05, 111.26, 79231.5346463046
07/05/13, 112.37, 112.44, 111.75, 112.37, 100456.376781981
07/04/13, 112.44, 112.44, 112.44, 112.44, 146775.863251026
07/03/13, 112.44, 113.83, 112.44, 112.44, 419910.997443503
07/02/13, 113.14, 113.76, 112.51, 113.14, 225383.56157879
07/01/13, 113.35, 113.83, 112.44, 113.35, 135860.888772348
06/28/13, 112.79, 113.83, 112.44, 112.79, 139236.520399004
06/27/13, 112.65, 113.83, 112.44, 112.65, 186015.59990642
06/26/13, 112.44, 113.83, 112.23, 112.44, 167382.631990272
06/25/13, 112.23, 113.83, 112.23, 112.23, 158254.163366077
06/24/13, 113.28, 116.61, 113.14, 113.28, 136576.931844669
06/21/13, 113.41, 116.61, 113.14, 113.41, 364807.376946409
06/20/13, 114.87, 116.61, 114.53, 114.87, 29507.6019400474
06/19/13, 116.61, 117.65, 116.61, 116.61, 3606.14851110486
06/18/13, 115.91, 118.00, 114.53, 115.91, 23375.8528136941
06/17/13, 117.86, 118.69, 116.61, 117.86, 7311.70742862851
06/14/13, 118.69, 119.38, 114.53, 118.69, 71398.2827666094
06/13/13, 116.40, 120.29, 115.91, 116.40, 155057.18232487
06/12/13, 119.66, 120.77, 118.69, 119.66, 15345.2208516891
06/11/13, 120.29, 120.77, 118.69, 120.29, 40903.7804150132
06/10/13, 119.18, 119.38, 118.69, 119.18, 10681.5761331728
06/07/13, 119.31, 119.38, 118.00, 119.31, 54157.0605403243
06/06/13, 119.94, 120.29, 119.80, 119.94, 7666.12713846942
06/05/13, 120.49, 121.12, 119.73, 120.49, 94442.7675589076
06/04/13, 121.12, 122.16, 120.77, 121.12, 162027.436618408
06/03/13, 120.84, 122.78, 120.77, 120.84, 79725.705217343
05/31/13, 122.78, 122.85, 122.78, 122.78, 4300.58062550859
05/30/13, 122.85, 123.55, 122.16, 122.85, 82164.8620009229
05/29/13, 122.99, 124.17, 120.77, 122.99, 423030.179036209
05/28/13, 121.05, 121.47, 120.08, 121.05, 13215.821131588
05/27/13, 120.84, 122.16, 120.77, 120.84, 207609.269057215
05/23/13, 121.54, 122.16, 121.47, 121.54, 5889.70639768145
05/22/13, 122.02, 124.17, 121.74, 122.02, 58971.9819642605
05/21/13, 123.76, 124.59, 122.85, 123.76, 215246.581585129
05/20/13, 124.52, 124.94, 123.55, 124.52, 118373.301625808
05/17/13, 124.17, 124.94, 122.92, 124.17, 52830.1477242126
05/16/13, 122.92, 123.55, 121.12, 122.92, 148792.885989958
05/15/13, 121.40, 123.55, 116.61, 121.40, 3123686.75706602
05/14/13, 124.24, 124.94, 123.55, 124.24, 701880.691232502
05/13/13, 124.17, 124.94, 123.55, 124.17, 123333.736833053
05/10/13, 124.38, 126.67, 123.90, 124.38, 490070.251956197
05/09/13, 124.94, 125.63, 124.10, 124.94, 1584562.97859129
05/08/13, 123.62, 124.94, 123.55, 123.62, 250012.849951677
05/07/13, 124.94, 125.63, 121.47, 124.94, 692183.134049823
05/06/13, 121.40, 121.81, 119.38, 121.40, 235779.873067456
05/03/13, 118.76, 119.73, 117.65, 118.76, 227662.797273783
05/02/13, 118.00, 118.34, 116.61, 118.00, 158522.139244249
04/30/13, 117.30, 117.72, 116.61, 117.30, 616266.720348006
04/29/13, 117.51, 118.62, 115.57, 117.51, 2352.7129519114
04/26/13, 118.00, 118.62, 118.00, 118.00, 203516.153627711
04/24/13, 118.62, 118.69, 115.22, 118.62, 225750.947863381
04/23/13, 118.00, 118.27, 116.95, 118.00, 479708.518000198
04/22/13, 117.44, 118.00, 114.87, 117.44, 190281.602999262
04/19/13, 115.15, 116.95, 114.53, 115.15, 37005.1636067632
04/18/13, 116.40, 119.04, 115.91, 116.40, 236642.870653614
04/17/13, 118.27, 118.69, 116.54, 118.27, 337213.065147291
04/16/13, 116.54, 116.61, 114.94, 116.54, 156858.095484631
04/12/13, 114.66, 114.87, 114.53, 114.66, 9220.67537797487
04/11/13, 114.87, 115.57, 113.83, 114.87, 251420.443677346
04/10/13, 114.39, 114.53, 112.17, 114.39, 223271.450625022
04/09/13, 113.76, 113.83, 112.44, 113.76, 105789.961195928
04/08/13, 113.14, 113.35, 111.05, 113.14, 143872.791237492
04/05/13, 112.30, 112.72, 110.01, 112.30, 104988.915022466
04/04/13, 119.38, 120.08, 118.00, 119.38, 396176.402728385
04/03/13, 119.18, 119.73, 116.61, 119.18, 1027055.01208943
04/02/13, 116.82, 116.95, 114.87, 116.82, 276761.452930971
04/01/13, 116.05, 116.95, 114.53, 116.05, 238329.966101678
03/28/13, 114.53, 115.01, 114.53, 114.53, 1415236.801119
03/27/13, 114.53, 115.22, 112.37, 114.53, 1521339.40083946
03/25/13, 112.51, 114.53, 112.17, 112.51, 374689.347636648
03/22/13, 112.30, 113.28, 111.40, 112.30, 891963.473418926
03/21/13, 112.79, 113.48, 111.05, 112.79, 199041.244608338
03/20/13, 111.40, 112.51, 110.36, 111.40, 207800.886217414
03/19/13, 112.93, 113.14, 111.05, 112.93, 294777.788181217
03/18/13, 111.40, 112.10, 111.05, 111.40, 115022.162418125
03/15/13, 110.99, 111.40, 108.49, 110.99, 785054.064602891
03/14/13, 109.67, 110.01, 107.24, 109.67, 377461.313172151
03/13/13, 108.63, 108.97, 107.51, 108.63, 36049.9592668261
03/12/13, 107.72, 108.90, 105.50, 107.72, 223738.247316032
03/11/13, 106.89, 107.03, 104.11, 106.89, 385728.224940717
03/08/13, 104.81, 104.88, 103.42, 104.81, 87331.3216736444
03/07/13, 104.11, 104.11, 101.34, 104.11, 179869.443474789
03/06/13, 101.34, 101.68, 100.64, 101.34, 27185.14432922
03/05/13, 100.99, 101.27, 99.95, 100.99, 12885.8938407199
03/04/13, 100.64, 100.99, 100.30, 100.64, 492317.791579579
03/01/13, 100.71, 101.34, 100.64, 100.71, 50758.3772252238
02/28/13, 100.64, 100.99, 100.64, 100.64, 209717.057819399
02/27/13, 100.64, 100.99, 100.64, 100.64, 101021.143148882
02/26/13, 100.64, 103.42, 99.95, 100.64, 100992.328538325
02/22/13, 104.32, 105.50, 103.77, 104.32, 163231.887339656
02/21/13, 104.11, 104.81, 104.11, 104.11, 118502.967373311
02/20/13, 104.25, 104.81, 103.77, 104.25, 76554.6573256363
02/19/13, 103.77, 104.60, 103.07, 103.77, 62081.0784432714
02/18/13, 104.88, 105.85, 104.60, 104.88, 131066.137575801
02/15/13, 105.64, 106.20, 104.11, 105.64, 83390.923680088
02/14/13, 104.53, 104.81, 104.04, 104.53, 240175.5419078
02/13/13, 104.18, 106.13, 104.11, 104.18, 102322.122815493
02/12/13, 104.11, 104.81, 102.73, 104.11, 221142.050904921
02/11/13, 103.42, 107.58, 103.42, 103.42, 136976.014200872
02/08/13, 106.47, 106.89, 103.42, 106.47, 435290.79582786
02/07/13, 103.35, 103.42, 100.99, 103.35, 171082.427985685
02/06/13, 100.71, 100.92, 100.30, 100.71, 28431.3762357744
02/05/13, 100.64, 100.64, 100.09, 100.64, 5261.54788755691
02/01/13, 100.64, 101.34, 99.95, 100.64, 18166.1712251383
01/31/13, 100.50, 100.64, 99.95, 100.50, 40720.8076379815
01/30/13, 99.95, 99.95, 99.32, 99.95, 10402.0744107779
01/29/13, 100.23, 101.34, 99.39, 100.23, 49245.6101710248
01/28/13, 101.55, 102.73, 101.34, 101.55, 8714.97896271406
01/24/13, 102.59, 103.91, 102.03, 102.59, 60239.824828732
01/23/13, 103.63, 104.74, 101.75, 103.63, 254382.585642521
01/22/13, 102.66, 103.07, 99.26, 102.66, 115267.086607853
01/21/13, 99.67, 100.09, 99.05, 99.67, 42425.191852379
01/18/13, 100.09, 100.64, 99.60, 100.09, 68351.1377002943
01/17/13, 100.23, 100.64, 99.46, 100.23, 162358.804639804
01/16/13, 99.74, 99.95, 97.17, 99.74, 34208.7056522868
01/15/13, 98.49, 98.56, 96.48, 98.49, 25498.0488811561
01/11/13, 97.45, 98.56, 97.17, 97.45, 52456.9985175101
01/10/13, 97.87, 98.56, 97.87, 97.87, 24012.6557069855
01/09/13, 98.21, 99.39, 97.87, 98.21, 45836.8417422298
01/08/13, 98.91, 99.26, 98.70, 98.91, 50375.1429048268
01/07/13, 99.12, 99.26, 97.87, 99.12, 50705.0701956949
01/04/13, 97.80, 98.21, 96.48, 97.80, 36264.6281154696
01/03/13, 96.55, 97.87, 96.48, 96.55, 46793.4868126946
01/02/13, 96.76, 97.17, 95.78, 96.76, 85112.5966608192
12/31/12, 95.72, 96.13, 95.09, 95.72, 20982.7994070041
12/28/12, 95.99, 96.48, 95.23, 95.99, 6022.25360623984
12/26/12, 96.06, 96.13, 95.78, 96.06, 1246.23190655442
12/24/12, 96.13, 96.48, 95.09, 96.13, 43092.2500867544
12/21/12, 95.16, 95.78, 95.16, 95.16, 2574.58545319392
12/20/12, 96.13, 96.13, 95.44, 96.13, 10175.879717912
12/19/12, 95.09, 96.48, 94.12, 95.09, 53504.409611227
12/18/12, 94.12, 94.95, 93.36, 94.12, 17059.6901797813
12/17/12, 93.70, 95.09, 93.36, 93.70, 110844.04388748
12/14/12, 94.05, 96.48, 91.83, 94.05, 178786.014117877
12/13/12, 91.76, 93.36, 91.62, 91.76, 588960.55465445
12/12/12, 91.62, 92.31, 91.34, 91.62, 147692.167866712
12/11/12, 91.55, 92.31, 91.00, 91.55, 776229.590120064
12/10/12, 91.97, 92.24, 91.69, 91.97, 4440.33148670602
12/07/12, 92.04, 93.01, 91.97, 92.04, 11976.7928776727
12/06/12, 93.01, 93.63, 91.62, 93.01, 1478803.27273644
12/05/12, 90.93, 91.62, 90.23, 90.93, 235320.280029085
12/04/12, 90.23, 90.93, 90.23, 90.23, 104671.954306348
12/03/12, 91.00, 92.87, 90.93, 91.00, 19553.594723418
11/30/12, 92.52, 92.66, 92.31, 92.52, 76423.5508476058
11/29/12, 92.66, 92.73, 92.31, 92.66, 77351.3813075145
11/28/12, 91.76, 93.63, 91.62, 91.76, 164786.435579161
11/26/12, 93.70, 94.40, 92.80, 93.70, 34112.1767069236
11/23/12, 93.70, 93.70, 92.66, 93.70, 82769.9688226025
11/22/12, 92.66, 93.70, 91.97, 92.66, 11266.512727463
11/21/12, 90.93, 92.31, 90.30, 90.93, 65567.6463205682
11/20/12, 91.00, 93.70, 90.93, 91.00, 17290.2070642307
11/19/12, 93.70, 95.09, 93.01, 93.70, 65171.4454254208
11/16/12, 95.23, 95.78, 94.40, 95.23, 18872.1291837645
11/15/12, 95.78, 96.48, 95.78, 95.78, 128086.706844293
11/14/12, 96.62, 96.76, 95.85, 96.62, 104353.552859703
11/12/12, 96.76, 98.56, 95.85, 96.76, 60725.3510166035
11/09/12, 96.48, 96.76, 94.74, 96.48, 194871.77046086
11/08/12, 95.92, 96.48, 95.78, 95.92, 7602.73499524584
11/07/12, 96.13, 96.96, 93.70, 96.13, 36427.430665112
11/06/12, 93.49, 94.40, 93.01, 93.49, 87766.4222930426
11/05/12, 93.22, 93.36, 93.01, 93.22, 4960.43520724492
11/02/12, 93.36, 93.70, 92.38, 93.36, 133526.905317299
11/01/12, 92.73, 93.01, 92.66, 92.73, 19114.1719124363
10/31/12, 92.80, 93.01, 92.31, 92.80, 37896.9758034767
10/30/12, 93.01, 94.40, 92.73, 93.01, 90869.7558499423
10/26/12, 92.66, 94.40, 92.66, 92.66, 54462.4954122197
10/25/12, 92.59, 93.01, 92.31, 92.59, 67492.4623057204
10/24/12, 92.94, 93.70, 92.31, 92.94, 96059.2672111088
10/23/12, 92.31, 93.70, 92.24, 92.31, 124984.814017922
10/22/12, 93.01, 96.13, 92.73, 93.01, 33860.0488645571
10/19/12, 93.91, 95.72, 93.70, 93.91, 19768.2635720614
10/18/12, 93.49, 94.40, 91.34, 93.49, 108541.756504042
10/17/12, 91.41, 92.31, 90.30, 91.41, 95919.5163499114
10/16/12, 92.31, 93.70, 89.54, 92.31, 280232.172772462
10/15/12, 93.70, 97.17, 93.36, 93.70, 146215.419075709
10/12/12, 97.03, 98.56, 96.83, 97.03, 77027.2169387576
10/11/12, 97.17, 98.35, 96.83, 97.17, 196247.668114917
10/10/12, 97.52, 98.91, 97.17, 97.52, 161543.351161064
10/09/12, 99.26, 101.34, 99.26, 99.26, 257474.393355198
10/08/12, 100.23, 100.64, 98.56, 100.23, 67617.8058616398
10/05/12, 101.82, 102.38, 97.17, 101.82, 223232.550900772
10/04/12, 97.94, 98.91, 97.17, 97.94, 168588.523442048
10/03/12, 98.56, 100.64, 98.56, 98.56, 39429.913085065
10/02/12, 100.16, 101.34, 99.26, 100.16, 103399.789250293
10/01/12, 101.41, 104.81, 101.34, 101.41, 101652.183120062
09/28/12, 103.70, 105.50, 99.95, 103.70, 481045.515930004
09/27/12, 100.50, 106.20, 97.87, 100.50, 738423.380339839
09/26/12, 105.64, 107.58, 102.03, 105.64, 1040038.87560604
09/25/12, 99.46, 99.95, 96.48, 99.46, 941876.141824327
09/24/12, 96.06, 96.96, 93.36, 96.06, 709726.909686948
09/21/12, 92.73, 93.63, 91.27, 92.73, 438032.506022279
09/20/12, 90.23, 91.97, 87.11, 90.23, 58521.0333090564
09/19/12, 88.77, 90.23, 88.15, 88.77, 25070.151914397
09/18/12, 90.23, 92.31, 89.68, 90.23, 98924.88023092
09/17/12, 90.51, 93.70, 89.61, 90.51, 61153.2479833627
09/14/12, 92.24, 93.70, 90.93, 92.24, 323344.593086606
09/13/12, 89.95, 90.44, 86.76, 89.95, 118376.183086864
09/12/12, 86.21, 87.11, 84.68, 86.21, 369208.808708864
09/11/12, 85.30, 88.15, 83.36, 85.30, 111825.181376918
09/10/12, 87.46, 87.53, 83.64, 87.46, 348051.680907995
09/07/12, 83.29, 85.37, 82.67, 83.29, 231712.690787453
09/06/12, 82.32, 83.22, 81.97, 82.32, 25956.2011889992
09/05/12, 82.60, 83.29, 81.90, 82.60, 62745.2552165912
09/04/12, 83.29, 83.29, 82.74, 83.29, 99367.1845029573
09/03/12, 83.22, 83.29, 81.90, 83.22, 34017.0884920882
08/30/12, 82.11, 82.60, 81.90, 82.11, 5417.14678456023
08/29/12, 81.90, 84.40, 81.21, 81.90, 12982.422786083
08/28/12, 83.08, 83.29, 82.25, 83.08, 101830.83370551
08/27/12, 81.56, 82.60, 81.14, 81.56, 10203.2535979403
08/24/12, 81.56, 81.90, 81.49, 81.56, 1584.80358058943
08/23/12, 81.56, 82.74, 81.56, 81.56, 8276.99688226025
08/22/12, 82.60, 82.60, 81.90, 82.60, 31832.9410119304
08/21/12, 82.39, 82.67, 81.56, 82.39, 24861.2459878647
08/20/12, 82.60, 82.60, 82.25, 82.60, 32635.4279159198
08/17/12, 81.49, 82.87, 81.21, 81.49, 17720.9854920454
08/16/12, 82.46, 82.60, 80.51, 82.46, 37333.6501671036
08/15/12, 81.00, 81.83, 79.82, 81.00, 41834.4923359775
08/14/12, 79.82, 79.96, 78.36, 79.82, 92212.5167018599
08/13/12, 78.43, 79.13, 78.43, 78.43, 14708.4179583977
08/10/12, 79.06, 79.13, 77.32, 79.06, 36012.5002731031
08/09/12, 78.57, 79.47, 76.70, 78.57, 47451.9006639032
08/08/12, 76.91, 76.91, 76.35, 76.91, 3061.55237159322
08/07/12, 76.35, 76.42, 74.96, 76.35, 30961.2990426062
08/06/12, 76.35, 77.74, 76.35, 76.35, 205662.842114146
08/03/12, 77.25, 77.74, 74.27, 77.25, 49337.8169248046
08/02/12, 77.32, 79.13, 77.04, 77.32, 7347.72569182372
07/31/12, 77.74, 78.43, 76.35, 77.74, 16585.6898361323
07/30/12, 75.03, 80.51, 73.57, 75.03, 43442.3476050119
07/27/12, 79.47, 81.21, 71.49, 79.47, 283387.372628363
07/26/12, 71.49, 71.49, 70.80, 71.49, 17033.7570302808
07/25/12, 71.21, 71.49, 70.45, 71.21, 4487.8755941237
07/24/12, 71.49, 71.49, 70.52, 71.49, 19446.9806643601
07/23/12, 70.80, 70.80, 70.52, 70.80, 12979.5413250274
07/20/12, 72.05, 72.19, 70.80, 72.05, 18081.1681239976
07/19/12, 70.52, 71.49, 70.03, 70.52, 10370.3783391661
07/18/12, 69.41, 69.48, 69.06, 69.41, 395163.569167335
07/17/12, 69.41, 70.03, 69.34, 69.41, 20448.2883811871
07/16/12, 69.41, 70.03, 69.41, 69.41, 212767.08434677
07/13/12, 69.90, 70.45, 69.41, 69.90, 10510.1292003635
07/12/12, 69.41, 70.80, 68.02, 69.41, 251888.681098884
07/11/12, 68.72, 69.41, 68.72, 68.72, 9949.685025046
07/10/12, 69.13, 69.41, 69.06, 69.13, 4784.66608285227
07/09/12, 69.41, 69.48, 69.41, 69.41, 100420.358518785
07/06/12, 69.41, 70.10, 69.41, 69.41, 23930.5340669004
07/05/12, 70.10, 70.10, 69.34, 70.10, 5886.82493662583
07/04/12, 69.55, 70.10, 69.41, 69.55, 67187.027433825
07/02/12, 69.41, 69.48, 69.41, 69.41, 168421.398700822
06/29/12, 69.41, 71.14, 69.41, 69.41, 338150.980720894
06/28/12, 70.80, 71.14, 70.80, 70.80, 190385.335597264
06/27/12, 70.80, 72.19, 70.80, 70.80, 5587.15298684165
06/26/12, 71.56, 71.56, 71.56, 71.56, 2.88146105561715
06/25/12, 71.91, 72.88, 71.56, 71.91, 222232.683914472
06/22/12, 71.56, 72.19, 71.49, 71.56, 57878.4674936538
06/21/12, 72.26, 72.88, 72.19, 72.26, 18784.2446215682
06/20/12, 73.57, 73.57, 73.57, 73.57, 53278.214918361
06/19/12, 73.57, 73.92, 72.88, 73.57, 22070.5509554995
06/18/12, 73.50, 73.92, 72.88, 73.50, 10962.5185860954
06/15/12, 73.99, 75.66, 73.57, 73.99, 63229.3406739348
06/14/12, 73.71, 74.27, 72.88, 73.71, 19972.8473070102
06/13/12, 72.88, 73.43, 72.26, 72.88, 10726.2387795348
06/12/12, 72.81, 72.81, 72.19, 72.81, 1580.481389006
06/11/12, 72.19, 72.19, 71.49, 72.19, 4917.21329141066
06/08/12, 71.28, 71.49, 69.41, 71.28, 832154.427018009
06/07/12, 69.41, 71.14, 69.13, 69.41, 234559.574310403
06/06/12, 69.34, 69.41, 68.02, 69.34, 427790.352700088
06/05/12, 68.16, 72.19, 66.63, 68.16, 247323.006056259
06/01/12, 72.60, 73.64, 71.84, 72.60, 58810.620145146
05/31/12, 74.34, 75.66, 74.27, 74.34, 36366.919982944
05/30/12, 75.59, 77.74, 75.03, 75.59, 16801.7994153036
05/29/12, 75.10, 79.13, 74.96, 75.10, 143120.729901976
05/28/12, 78.09, 80.51, 78.09, 78.09, 160785.526903437
05/25/12, 80.51, 80.51, 80.17, 80.51, 162430.841166194
05/24/12, 80.51, 81.21, 80.51, 80.51, 36450.4823535569
05/23/12, 81.14, 81.90, 80.86, 81.14, 168507.842532491
05/22/12, 81.90, 82.25, 81.56, 81.90, 33316.8934555732
05/21/12, 81.56, 82.04, 81.56, 81.56, 2881.46105561715
05/18/12, 81.90, 82.60, 81.90, 81.90, 3025.534108398
05/17/12, 81.63, 82.39, 81.56, 81.63, 3120.62232323337
05/16/12, 81.35, 81.90, 81.21, 81.35, 30603.9978717097
05/15/12, 81.90, 81.90, 79.96, 81.90, 40259.7738690828
05/14/12, 81.21, 82.46, 81.21, 81.21, 2305.16884449372
05/11/12, 81.21, 82.60, 81.21, 81.21, 35465.0226725358
05/10/12, 82.53, 83.29, 81.97, 82.53, 60368.049845707
05/09/12, 82.81, 83.29, 82.04, 82.81, 192625.671568006
05/08/12, 82.81, 83.29, 82.60, 82.81, 355579.497915795
05/04/12, 83.36, 84.68, 83.29, 83.36, 272460.872305463
05/03/12, 84.33, 84.33, 84.33, 84.33, 6687.8711100874
05/02/12, 85.30, 86.07, 83.29, 85.30, 5925.72466087666
04/30/12, 83.36, 84.68, 83.36, 83.36, 13110.647803058
04/27/12, 86.07, 86.76, 86.07, 86.07, 42494.3469177139
04/26/12, 86.07, 86.07, 86.07, 86.07, 32747.8048970889
04/25/12, 86.07, 86.69, 86.07, 86.07, 46783.401699
04/24/12, 86.14, 86.76, 85.37, 86.14, 9541.95828567618
04/23/12, 86.55, 86.76, 86.41, 86.55, 7826.04822705617
04/20/12, 86.55, 87.11, 86.07, 86.55, 1617596.04813288
04/19/12, 86.69, 86.76, 85.37, 86.69, 21538.9213907382
04/18/12, 85.37, 86.00, 85.37, 85.37, 15212.6736431307
04/17/12, 85.37, 86.00, 84.68, 85.37, 35763.2538917922
04/16/12, 84.68, 84.68, 83.99, 84.68, 3330.96898029342
04/11/12, 85.03, 85.03, 85.03, 85.03, 16173.640905179
04/10/12, 85.10, 85.17, 85.03, 85.10, 4897.04306402134
04/09/12, 85.10, 85.10, 85.10, 85.10, 1259.19848130469
04/05/12, 85.37, 86.07, 85.37, 85.37, 36957.6194993455
04/04/12, 85.37, 86.07, 85.10, 85.37, 1239.02825391537
04/03/12, 85.23, 85.37, 85.03, 85.23, 44158.3906773328
04/02/12, 85.37, 85.37, 84.68, 85.37, 208859.823155353
03/30/12, 85.23, 85.37, 83.99, 85.23, 292901.957034011
03/29/12, 84.96, 86.76, 84.68, 84.96, 465691.650695148
03/28/12, 85.72, 86.69, 85.72, 85.72, 14931.731190208
03/27/12, 85.37, 86.76, 85.37, 85.37, 37460.4344535507
03/26/12, 85.37, 86.07, 85.03, 85.37, 115475.992534385
03/23/12, 83.78, 86.00, 83.36, 83.78, 8993.03995458111
03/22/12, 85.51, 86.00, 83.29, 85.51, 156035.438353252
03/21/12, 83.29, 83.64, 83.29, 83.29, 88671.2010645064
03/20/12, 85.10, 86.69, 83.64, 85.10, 31209.1046933893
03/19/12, 83.64, 85.37, 83.64, 83.64, 762045.598073788
03/16/12, 85.03, 86.69, 84.68, 85.03, 867.319777740761
03/15/12, 86.76, 86.76, 83.99, 86.76, 17902.5175385493
03/14/12, 83.99, 86.76, 83.99, 83.99, 18290.0740505298
03/13/12, 86.76, 87.18, 86.41, 86.76, 99643.8047642965
03/12/12, 87.53, 89.19, 87.53, 87.53, 2492.46381310883
03/09/12, 89.40, 89.54, 87.18, 89.40, 17994.7242923291
03/08/12, 87.25, 87.25, 87.11, 87.25, 574.851480595621
03/06/12, 87.46, 87.66, 87.11, 87.46, 1584.80358058943
03/05/12, 88.15, 88.15, 87.46, 88.15, 2659.58855433463
03/02/12, 88.50, 89.40, 86.76, 88.50, 3596.0633974102
03/01/12, 86.14, 89.54, 86.07, 86.14, 3055.78944948198
02/29/12, 87.39, 87.46, 86.07, 87.39, 700.195036514966
02/28/12, 86.07, 88.50, 85.37, 86.07, 5618.84905845344
02/27/12, 86.07, 86.76, 84.68, 86.07, 1590.56650270066
02/24/12, 86.69, 87.11, 84.68, 86.69, 16270.1698505422
02/23/12, 86.00, 86.76, 85.03, 86.00, 4610.33768898743
02/22/12, 84.68, 85.37, 83.29, 84.68, 6051.06821679601
02/21/12, 83.43, 86.62, 82.60, 83.43, 1872.94968615114
02/17/12, 83.29, 83.43, 83.29, 83.29, 11525.8442224686
02/16/12, 83.99, 83.99, 83.29, 83.99, 18585.4238087306
02/15/12, 83.29, 84.68, 82.60, 83.29, 23772.0537088415
02/14/12, 83.29, 83.99, 83.29, 83.29, 93503.4112547764
02/13/12, 83.99, 85.72, 81.90, 83.99, 110359.958430137
02/09/12, 86.07, 87.46, 85.65, 86.07, 419108.510539514
02/08/12, 85.58, 87.46, 85.58, 85.58, 13398.7939086197
02/06/12, 86.07, 88.08, 86.00, 86.07, 8500.31011407058
02/03/12, 87.46, 87.46, 87.46, 87.46, 1440.73052780857
02/02/12, 88.08, 89.54, 87.46, 88.08, 31696.0716117886
02/01/12, 88.15, 88.84, 88.15, 88.15, 4466.26463620658
01/31/12, 88.50, 90.23, 88.15, 88.50, 31263.852453446
01/30/12, 88.15, 90.16, 87.11, 88.15, 4114726.38742128
01/27/12, 85.58, 86.76, 83.78, 85.58, 50857.7876316426
01/26/12, 82.18, 86.41, 81.56, 82.18, 18009.1315976072
01/25/12, 82.87, 83.29, 82.60, 82.87, 24204.272867184
01/24/12, 83.29, 86.41, 83.29, 83.29, 184413.507559497
01/23/12, 86.48, 86.90, 86.48, 86.48, 10805.4789585643
01/20/12, 86.76, 86.83, 86.76, 86.76, 4466.26463620658
01/19/12, 86.76, 88.15, 86.76, 86.76, 13975.0861197432
01/18/12, 88.29, 88.84, 88.29, 88.29, 22331.3231810329
01/17/12, 88.84, 90.23, 88.84, 88.84, 7635.87179738544
01/13/12, 89.75, 90.30, 89.75, 89.75, 8788.4562196323
01/12/12, 90.23, 90.23, 89.54, 90.23, 7203.65263904286
01/11/12, 90.09, 90.16, 88.70, 90.09, 4178.11853064486
01/10/12, 89.54, 90.16, 88.84, 89.54, 26077.2225533352
01/09/12, 88.98, 88.98, 88.98, 88.98, 5186.62990011086
01/06/12, 88.84, 88.91, 88.77, 88.84, 6771.43348070029
01/05/12, 88.70, 88.84, 88.50, 88.70, 2881.46105561715
01/04/12, 88.84, 91.69, 88.84, 88.84, 7059.57958626201
01/03/12, 93.01, 94.40, 93.01, 93.01, 7203.65263904286
01/02/12, 93.29, 97.52, 93.15, 93.29, 33857.1674035015
12/30/11, 95.85, 97.87, 92.31, 95.85, 182108.338715004
12/29/11, 93.01, 94.40, 92.94, 93.01, 28814.6105561715
12/28/11, 92.59, 93.70, 90.23, 92.59, 43654.1349925998
12/27/11, 89.95, 90.23, 88.15, 89.95, 11958.0633808112
12/23/11, 86.76, 86.76, 86.76, 86.76, 1872.94968615114
12/22/11, 86.76, 86.76, 86.00, 86.76, 13542.8669614006
12/21/11, 86.00, 86.07, 85.37, 86.00, 22619.4692865946
12/20/11, 85.93, 86.07, 85.72, 85.93, 1296.65747502772
12/19/11, 85.03, 85.03, 85.03, 85.03, 1440.73052780857
12/16/11, 84.68, 85.93, 84.68, 84.68, 25212.78423665
12/15/11, 86.07, 86.21, 86.07, 86.07, 227635.423393755
12/14/11, 86.76, 90.23, 86.76, 86.76, 19593.9351781966
12/13/11, 88.08, 90.23, 85.37, 88.08, 16136.181911456
12/12/11, 85.86, 86.07, 85.37, 85.86, 5474.77600567258
12/09/11, 85.37, 85.37, 85.37, 85.37, 864.438316685144
12/08/11, 85.51, 85.72, 84.68, 85.51, 18441.3507559497
12/07/11, 84.54, 84.68, 83.99, 84.54, 1728.87663337029
12/06/11, 83.29, 83.92, 82.94, 83.29, 54603.6870039449
12/05/11, 83.29, 83.99, 83.29, 83.29, 11669.9172752494
12/02/11, 84.33, 85.37, 84.05, 84.33, 5618.84905845344
12/01/11, 85.10, 86.07, 83.29, 85.10, 96817.0914687361
11/30/11, 83.36, 86.76, 83.29, 83.36, 73909.4760765798
11/29/11, 86.83, 91.62, 86.76, 86.83, 97969.675890983
11/28/11, 86.76, 86.76, 83.29, 86.76, 23916.1267616223
11/25/11, 83.78, 84.68, 83.29, 83.78, 9941.04064187915
11/24/11, 83.71, 85.30, 83.29, 83.71, 30831.6332951035
11/23/11, 84.68, 90.23, 84.05, 84.68, 7779.94485016629
11/22/11, 84.47, 86.76, 83.99, 84.47, 374445.864177448
11/21/11, 86.76, 86.76, 86.07, 86.76, 27229.806975582
11/18/11, 86.76, 86.76, 86.41, 86.76, 284112.060083851
11/17/11, 87.04, 88.15, 86.76, 87.04, 43365.988887038
11/16/11, 86.76, 88.15, 86.76, 86.76, 43510.0619398189
11/15/11, 88.50, 89.19, 88.50, 88.50, 13110.647803058
11/14/11, 88.84, 90.23, 88.84, 88.84, 1296.65747502772
11/11/11, 90.23, 90.30, 90.23, 90.23, 6771.43348070029
11/09/11, 90.23, 90.23, 89.88, 90.23, 5474.77600567258
11/08/11, 89.54, 90.30, 89.54, 89.54, 70163.5767042775
11/04/11, 90.23, 90.93, 90.23, 90.23, 95376.3609409275
11/03/11, 91.97, 93.01, 91.97, 91.97, 14551.3783308666
11/02/11, 92.87, 93.70, 88.50, 92.87, 36162.3362479952
11/01/11, 88.01, 89.19, 87.94, 88.01, 34577.5326674058
10/31/11, 88.57, 88.84, 88.50, 88.57, 19593.9351781966
10/28/11, 88.84, 88.84, 88.15, 88.84, 56044.4175317535
10/27/11, 88.43, 89.05, 87.59, 88.43, 17865.0585448263
10/25/11, 89.19, 90.23, 89.19, 89.19, 7347.72569182372
10/24/11, 90.09, 90.23, 89.54, 90.09, 4178.11853064486
10/21/11, 89.19, 90.16, 87.46, 89.19, 34145.3135090632
10/20/11, 90.23, 90.23, 89.54, 90.23, 28238.318345048
10/19/11, 89.26, 89.88, 88.84, 89.26, 2449.24189727457
10/18/11, 90.16, 91.62, 84.68, 90.16, 80536.8365044992
10/17/11, 92.11, 93.70, 91.62, 92.11, 43221.9158342572
10/14/11, 93.84, 95.65, 93.01, 93.84, 128513.163080525
10/13/11, 95.78, 95.78, 94.05, 95.78, 28670.5375033906
10/12/11, 94.60, 94.74, 94.05, 94.60, 6195.14126957686
10/10/11, 93.91, 94.40, 93.77, 93.91, 22187.250128252
10/07/11, 94.40, 94.40, 93.77, 94.40, 24924.6381310883
10/06/11, 94.40, 94.74, 94.19, 94.40, 14839.5244364283
10/05/11, 94.40, 94.74, 94.05, 94.40, 57052.9289012195
10/04/11, 94.74, 96.48, 94.47, 94.74, 180955.754292757
10/03/11, 95.58, 95.78, 95.16, 95.58, 7924.01790294715
09/30/11, 95.78, 95.85, 95.09, 95.78, 43798.2080453806
09/29/11, 95.23, 95.72, 95.09, 95.23, 12534.3555919346
09/28/11, 95.23, 95.44, 94.40, 95.23, 40052.3086730783
09/27/11, 95.09, 95.78, 95.09, 95.09, 12678.4286447154
09/26/11, 95.78, 95.78, 94.47, 95.78, 9508.82148353658
09/23/11, 95.16, 97.17, 94.40, 95.16, 67714.3348070029
09/22/11, 97.10, 97.17, 96.48, 97.10, 21322.8118115669
09/21/11, 97.03, 97.17, 95.09, 97.03, 40340.45477864
09/20/11, 95.30, 97.17, 95.02, 95.30, 66417.6773319752
09/16/11, 95.02, 95.09, 94.40, 95.02, 20746.5196004434
09/15/11, 95.09, 95.92, 95.09, 95.09, 52442.591212232
09/14/11, 95.92, 96.13, 95.78, 95.92, 26077.2225533352
09/13/11, 96.13, 96.48, 95.44, 96.13, 95520.4339937084
09/12/11, 96.48, 96.48, 95.09, 96.48, 12102.136433592
09/09/11, 96.34, 96.34, 95.78, 96.34, 16424.3280170177
09/08/11, 95.78, 97.10, 95.72, 95.78, 214668.848643477
09/07/11, 96.34, 97.17, 95.85, 96.34, 619658.200010467
09/06/11, 96.34, 97.17, 95.85, 96.34, 2305.16884449372
09/05/11, 96.48, 97.17, 95.85, 96.48, 29102.7566617332
09/02/11, 97.24, 98.91, 97.17, 97.24, 60510.6821679601
09/01/11, 99.05, 99.81, 95.92, 99.05, 35009.7518257483
08/30/11, 96.06, 96.41, 95.78, 96.06, 63824.3623819198
08/29/11, 95.78, 98.56, 95.78, 95.78, 52874.8103705746
08/26/11, 95.78, 97.17, 95.78, 95.78, 133987.939086197
08/25/11, 95.92, 96.41, 95.09, 95.92, 138310.130669623
08/24/11, 95.09, 95.78, 94.40, 95.09, 740823.637399168
08/23/11, 94.40, 95.78, 93.77, 94.40, 522120.743277827
08/22/11, 94.40, 96.34, 93.84, 94.40, 568080.04711492
08/19/11, 93.77, 94.12, 93.01, 93.77, 1015426.87599948
08/18/11, 93.77, 95.78, 93.70, 93.77, 1518385.90325746
08/17/11, 94.81, 97.17, 94.74, 94.81, 82697.9322962121
08/16/11, 94.60, 95.78, 93.70, 94.60, 193490.109884691
08/15/11, 92.94, 93.70, 92.31, 92.94, 51434.0798427661
08/12/11, 92.45, 93.70, 92.31, 92.45, 80392.7634517184
08/11/11, 92.31, 93.70, 91.62, 92.31, 82409.7861906504
08/10/11, 92.31, 94.40, 91.62, 92.31, 303561.922209266
08/09/11, 93.56, 93.84, 93.08, 93.56, 78519.8137655672
08/08/11, 94.47, 95.09, 91.62, 94.47, 47544.1074176829
08/05/11, 95.37, 95.78, 93.70, 95.37, 28238.318345048
08/04/11, 96.48, 97.17, 96.41, 96.48, 6483.28737513858
08/03/11, 96.48, 96.48, 96.13, 96.48, 33280.875192378
08/02/11, 96.69, 97.17, 96.13, 96.69, 26077.2225533352
08/01/11, 97.17, 99.95, 96.48, 97.17, 785774.429866796
07/29/11, 97.17, 98.56, 95.09, 97.17, 262068.883008379
07/28/11, 94.05, 96.55, 93.70, 94.05, 874235.284274242
07/27/11, 93.70, 96.48, 93.36, 93.70, 147098.586889255
07/26/11, 93.70, 95.72, 93.70, 93.70, 178938.731553825
07/25/11, 95.72, 97.87, 95.09, 95.72, 46823.7421537786
07/22/11, 97.17, 99.26, 96.48, 97.17, 78231.6676600055
07/21/11, 99.05, 99.95, 98.56, 99.05, 56332.5636373152
07/20/11, 100.64, 100.78, 99.95, 100.64, 35297.89793131
07/19/11, 100.02, 100.64, 99.95, 100.02, 160929.599956218
07/18/11, 101.34, 101.34, 100.64, 101.34, 45094.8655204083
07/15/11, 99.95, 104.11, 99.95, 99.95, 91198.2424102826
07/13/11, 103.42, 104.11, 102.73, 103.42, 98545.9681021064
07/12/11, 102.17, 104.11, 102.03, 102.17, 44374.500256504
07/11/11, 104.11, 104.88, 104.11, 104.11, 117275.464963618
07/08/11, 104.88, 105.36, 104.81, 104.88, 8356.23706128972
07/07/11, 104.95, 106.20, 104.81, 104.95, 117851.757174741
07/06/11, 104.81, 107.58, 104.81, 104.81, 186142.384192868
07/05/11, 105.50, 109.94, 104.81, 105.50, 204727.808001598
07/04/11, 104.81, 106.20, 104.81, 104.81, 67714.3348070029
07/01/11, 104.88, 108.63, 104.11, 104.88, 81257.2017684035
06/30/11, 104.11, 105.15, 104.11, 104.11, 257458.545319392
06/29/11, 105.50, 105.85, 105.50, 105.50, 9796.9675890983
06/28/11, 105.57, 108.28, 105.50, 105.57, 30111.2680311992
06/27/11, 107.58, 110.92, 107.58, 107.58, 7924.01790294715
06/24/11, 108.97, 108.97, 107.58, 108.97, 12678.4286447154
06/23/11, 108.14, 110.99, 107.58, 108.14, 30111.2680311992
06/22/11, 109.87, 111.19, 109.67, 109.87, 9941.04064187915
06/21/11, 110.85, 111.05, 110.36, 110.85, 34001.2404562823
06/20/11, 111.12, 112.44, 111.05, 111.12, 20026.1543365392
06/17/11, 111.05, 112.79, 111.05, 111.05, 54027.3947928215
06/16/11, 111.12, 113.07, 111.05, 111.12, 64112.5084874815
06/14/11, 114.32, 117.93, 113.14, 114.32, 24924.6381310883
06/13/11, 114.53, 117.72, 114.53, 114.53, 12534.3555919346
06/10/11, 114.53, 117.93, 114.53, 114.53, 19017.6429670732
06/09/11, 115.22, 115.91, 114.53, 115.22, 22619.4692865946
06/08/11, 116.61, 118.00, 116.61, 116.61, 10805.4789585643
06/07/11, 117.93, 118.00, 116.95, 117.93, 38323.432039708
06/06/11, 118.69, 119.38, 118.00, 118.69, 74917.9874460458
06/03/11, 117.65, 118.00, 116.95, 117.65, 27806.0991867055
06/02/11, 118.27, 120.77, 116.61, 118.27, 92206.7537797487
06/01/11, 119.52, 122.16, 119.38, 119.52, 105605.547688368
05/31/11, 120.15, 121.47, 118.69, 120.15, 113529.565591316
05/30/11, 118.90, 121.47, 115.22, 118.90, 69875.4305987158
05/27/11, 114.87, 117.30, 113.48, 114.87, 119868.779913673
05/26/11, 114.80, 115.22, 113.21, 114.80, 106469.986005054
05/25/11, 113.90, 113.90, 113.14, 113.90, 83706.4436656781
05/24/11, 113.14, 113.55, 112.93, 113.14, 246941.212466389
05/23/11, 113.48, 114.53, 113.14, 113.48, 197668.228415336
05/20/11, 113.48, 114.18, 111.75, 113.48, 60078.4630096175
05/19/11, 111.89, 112.37, 111.40, 111.89, 9941.04064187915
05/16/11, 111.12, 112.44, 111.05, 111.12, 47832.2535232446
05/13/11, 111.82, 112.51, 111.05, 111.82, 58925.8785873706
05/12/11, 111.05, 111.05, 110.71, 111.05, 35730.1170896526
05/11/11, 110.43, 113.76, 110.36, 110.43, 30399.4141367609
05/10/11, 111.33, 114.46, 111.05, 111.33, 13831.0130669623
05/09/11, 111.89, 113.83, 111.75, 111.89, 16712.4741225794
05/06/11, 112.10, 114.46, 111.75, 112.10, 122894.314022071
05/05/11, 112.65, 114.46, 111.12, 112.65, 6339.21432235772
05/04/11, 111.61, 113.83, 111.05, 111.61, 65553.2390152901
05/03/11, 114.53, 116.61, 113.83, 114.53, 93935.630413119
04/29/11, 114.94, 116.61, 114.94, 114.94, 42357.477517572
04/28/11, 114.94, 115.22, 114.53, 114.94, 23772.0537088415
04/27/11, 114.94, 116.61, 114.66, 114.94, 11381.7711696877
04/26/11, 115.77, 116.95, 115.22, 115.77, 8356.23706128972
04/25/11, 116.61, 119.31, 115.91, 116.61, 317537.008329009
04/21/11, 119.52, 121.47, 115.91, 119.52, 85291.2472462675
04/20/11, 116.12, 117.65, 115.91, 116.12, 13542.8669614006
04/19/11, 116.47, 117.65, 115.64, 116.47, 33424.9482451589
04/18/11, 115.29, 118.00, 114.53, 115.29, 6256084.17090317
04/12/11, 114.25, 114.87, 113.90, 114.25, 29823.1219256375
04/11/11, 114.66, 116.95, 114.53, 114.66, 34433.4596146249
04/08/11, 115.36, 117.30, 115.22, 115.36, 35874.1901424335
04/07/11, 114.66, 118.00, 114.53, 114.66, 171446.93280922
04/06/11, 118.13, 121.47, 118.00, 118.13, 90621.9501991592
04/05/11, 120.01, 121.54, 119.73, 120.01, 165395.864592424
03/30/11, 118.13, 119.66, 117.65, 118.13, 220431.770754712
03/29/11, 118.69, 119.66, 118.00, 118.69, 185277.945876182
03/28/11, 119.66, 121.47, 118.86, 119.66, 88460.8544074464
03/25/11, 119.77, 120.60, 119.73, 119.77, 94511.9226242424
03/24/11, 119.73, 120.08, 118.86, 119.73, 23916.1267616223
03/23/11, 119.87, 120.08, 119.04, 119.87, 36018.2631952143
03/22/11, 121.47, 121.47, 121.12, 121.47, 1152.58442224686
03/21/11, 118.69, 118.72, 118.00, 118.69, 3457.75326674058
03/18/11, 119.73, 121.47, 119.70, 119.73, 243483.459199649
03/17/11, 119.70, 121.12, 119.38, 119.70, 24780.5650783075
03/16/11, 118.79, 119.73, 118.00, 118.79, 19593.9351781966
03/15/11, 117.72, 120.77, 116.95, 117.72, 68866.9192292498
03/14/11, 118.07, 121.47, 118.03, 118.07, 57917.3672179046
03/11/11, 121.15, 122.51, 121.01, 121.15, 14407.3052780857
03/10/11, 121.01, 121.47, 118.00, 121.01, 61086.9743790835
03/09/11, 121.40, 122.16, 119.73, 121.40, 150988.559314338
03/08/11, 122.16, 123.90, 121.47, 122.16, 227923.569499316
03/07/11, 123.03, 124.24, 122.51, 123.03, 3250288.07073614
03/04/11, 121.64, 124.59, 121.47, 121.64, 68866.9192292498
03/03/11, 121.26, 123.20, 120.43, 121.26, 42357.477517572
03/01/11, 123.06, 124.94, 122.85, 123.06, 6339.21432235772
02/28/11, 123.48, 124.94, 123.20, 123.48, 5474.77600567258
02/25/11, 124.69, 125.63, 124.59, 124.69, 17865.0585448263
02/24/11, 125.08, 126.32, 124.94, 125.08, 4322.19158342572
02/23/11, 125.28, 125.28, 123.24, 125.28, 92206.7537797487
02/22/11, 125.46, 128.30, 124.94, 125.46, 267111.439855709
02/21/11, 126.67, 129.45, 126.67, 126.67, 169429.910070288
02/18/11, 128.20, 128.41, 127.37, 128.20, 218414.74801578
02/15/11, 128.41, 129.45, 127.37, 128.41, 140615.299514117
02/14/11, 128.68, 135.35, 127.71, 128.68, 817182.355373023
02/11/11, 125.98, 126.29, 124.21, 125.98, 150124.120997653
02/10/11, 124.24, 124.59, 123.03, 124.24, 344334.596146249
02/09/11, 121.50, 122.51, 121.47, 121.50, 195651.205676404
02/08/11, 121.57, 124.24, 121.47, 121.57, 152429.289842147
02/07/11, 124.24, 124.94, 123.55, 124.24, 58493.6594290281
02/03/11, 122.68, 123.20, 120.15, 122.68, 83274.2245073355
02/02/11, 121.47, 122.16, 121.12, 121.47, 296790.488728566
02/01/11, 121.81, 123.24, 121.47, 121.81, 38611.5781452698
01/31/11, 123.34, 124.94, 123.20, 123.34, 38035.2859341463
01/28/11, 124.87, 124.94, 124.28, 124.87, 11237.6981169069
01/27/11, 124.59, 124.94, 123.90, 124.59, 210346.657060052
01/26/11, 124.73, 124.94, 124.24, 124.73, 164531.426275739
01/25/11, 124.94, 124.94, 123.90, 124.94, 85867.5394573909
01/24/11, 124.94, 125.32, 124.94, 124.94, 59646.2438512749
01/21/11, 124.94, 125.28, 124.59, 124.94, 46679.6691009978
01/20/11, 124.90, 125.28, 124.62, 124.90, 292180.151039579
01/18/11, 124.94, 124.97, 124.94, 124.94, 238296.829299538
01/17/11, 126.01, 128.41, 125.80, 126.01, 10373.2598002217
01/14/11, 128.41, 128.41, 126.67, 128.41, 78663.8868183481
01/13/11, 128.41, 128.41, 125.98, 128.41, 20458.3734948817
01/12/11, 125.98, 128.41, 125.80, 125.98, 60222.5360623984
01/11/11, 128.72, 129.10, 125.98, 128.72, 35441.9709840909
01/10/11, 128.72, 130.49, 125.46, 128.72, 148971.536575406
01/07/11, 126.74, 128.41, 125.01, 126.74, 605971.259996286
01/06/11, 125.01, 126.67, 124.94, 125.01, 51578.1528955469
01/05/11, 125.67, 128.41, 124.94, 125.67, 586665.470923651
01/04/11, 123.86, 124.94, 121.47, 123.86, 40628.6008842018
01/03/11, 121.26, 121.47, 120.95, 121.26, 11813.9903280303
12/31/10, 121.29, 122.16, 121.29, 121.29, 12966.5747502772
12/30/10, 121.47, 121.85, 121.47, 121.47, 39764.1625675166
12/29/10, 122.16, 122.19, 122.16, 122.16, 21322.8118115669
12/28/10, 123.20, 124.03, 122.16, 123.20, 447779.048042904
12/27/10, 122.96, 123.20, 122.51, 122.96, 14119.159172524
12/24/10, 121.50, 123.20, 121.47, 121.50, 30255.34108398
12/23/10, 121.85, 122.16, 121.47, 121.85, 52730.7373177938
12/22/10, 121.47, 121.47, 120.15, 121.47, 44950.7924676275
12/21/10, 120.15, 120.32, 120.08, 120.15, 12102.136433592
12/17/10, 121.08, 123.90, 120.43, 121.08, 28526.4644506097
12/16/10, 120.43, 120.43, 120.43, 120.43, 6051.06821679601
12/15/10, 119.77, 120.46, 119.73, 119.77, 42357.477517572
12/14/10, 120.43, 120.43, 119.73, 120.43, 10949.5520113452
12/13/10, 120.43, 120.77, 119.73, 120.43, 52154.4451066703
12/10/10, 120.70, 120.77, 119.73, 120.70, 27950.1722394863
12/09/10, 120.77, 121.12, 119.04, 120.77, 21034.6657060052
12/08/10, 121.40, 121.47, 120.74, 121.40, 86155.6855629526
12/07/10, 121.81, 121.81, 121.81, 121.81, 20170.22738932
12/06/10, 121.81, 121.81, 121.47, 121.81, 192769.744620787
12/03/10, 121.47, 122.72, 121.47, 121.47, 19017.6429670732
12/02/10, 121.67, 123.55, 121.47, 121.67, 911982.424102826
12/01/10, 122.89, 123.90, 121.47, 122.89, 147818.95215316
11/30/10, 121.47, 124.97, 121.43, 121.47, 546901.308356134
11/29/10, 118.86, 124.94, 118.00, 118.86, 160497.380797875
11/26/10, 121.81, 122.16, 121.50, 121.81, 43510.0619398189
11/25/10, 122.72, 123.20, 121.81, 122.72, 33424.9482451589
11/24/10, 123.37, 124.24, 122.51, 123.37, 46391.5229954361
11/23/10, 121.54, 124.94, 121.50, 121.54, 92783.0459908721
11/22/10, 122.16, 124.94, 121.47, 122.16, 225906.546760384
11/18/10, 121.88, 124.90, 119.73, 121.88, 317248.862223448
11/16/10, 120.77, 123.20, 119.80, 120.77, 76358.7179738544
11/15/10, 123.20, 125.63, 123.20, 123.20, 77799.4485016629
11/12/10, 125.60, 126.85, 124.94, 125.60, 114105.857802439
11/11/10, 124.94, 124.94, 123.24, 124.94, 69443.2114403732
11/10/10, 124.94, 124.94, 124.94, 124.94, 6339.21432235772
11/09/10, 126.81, 128.41, 124.94, 126.81, 68578.7731236881
11/08/10, 128.44, 130.14, 128.41, 128.44, 44950.7924676275
11/04/10, 128.41, 128.58, 125.63, 128.41, 48696.6918399298
11/03/10, 128.48, 129.80, 126.67, 128.48, 83274.2245073355
11/02/10, 128.20, 130.14, 127.05, 128.20, 11813.9903280303
11/01/10, 130.14, 131.88, 130.07, 130.14, 80104.6173461566
10/29/10, 130.07, 132.19, 126.08, 130.07, 671668.572064357
10/28/10, 126.08, 126.67, 124.94, 126.08, 33136.8021395972
10/27/10, 125.35, 126.67, 122.85, 125.35, 40340.45477864
10/26/10, 124.97, 128.41, 124.24, 124.97, 62239.5588013304
10/25/10, 127.37, 131.18, 127.37, 127.37, 68866.9192292498
10/21/10, 131.18, 131.88, 130.14, 131.18, 528171.811494623
10/20/10, 130.56, 133.61, 130.14, 130.56, 935322.258653326
10/19/10, 131.98, 134.65, 122.16, 131.98, 902473.60261929
10/18/10, 122.78, 123.55, 122.19, 122.78, 48984.8379454915
10/15/10, 122.85, 123.90, 119.73, 122.85, 313791.108956707
10/14/10, 121.95, 127.71, 121.47, 121.95, 537392.486872598
10/13/10, 125.01, 128.06, 116.61, 125.01, 684058.85460351
10/12/10, 123.37, 131.18, 121.47, 123.37, 436829.496031559
10/11/10, 131.22, 133.61, 131.18, 131.22, 162514.403536807
10/08/10, 132.12, 133.61, 126.67, 132.12, 620666.711379933
10/07/10, 131.43, 135.70, 128.41, 131.43, 441151.687614985
10/06/10, 136.60, 140.55, 135.35, 136.60, 956068.778253769
10/05/10, 136.56, 138.82, 134.65, 136.56, 741399.929610292
10/04/10, 138.85, 144.02, 137.43, 138.85, 1180534.59448634
10/01/10, 141.56, 142.29, 132.22, 141.56, 1601227.90860645
09/30/10, 131.08, 131.88, 123.20, 131.08, 2111534.66155624
09/29/10, 121.43, 122.85, 119.73, 121.43, 542290.970667147
09/28/10, 118.59, 121.12, 114.53, 118.59, 454406.408470824
09/27/10, 120.11, 125.98, 111.05, 120.11, 678007.786386714
09/24/10, 120.60, 123.20, 118.00, 120.60, 2928140.72471814
09/23/10, 117.06, 117.65, 114.53, 117.06, 854641.349096046
09/21/10, 112.79, 113.14, 111.05, 112.79, 272009.923650259
09/20/10, 110.15, 114.53, 109.32, 110.15, 92494.8998853104
09/17/10, 111.05, 113.10, 106.20, 111.05, 259043.348899981
09/16/10, 105.85, 106.20, 103.39, 105.85, 373437.352807982
09/15/10, 102.38, 105.50, 100.12, 102.38, 137445.692352938
09/14/10, 103.94, 106.20, 102.03, 103.94, 560156.029211973
09/13/10, 101.44, 102.38, 97.52, 101.44, 790961.059766906
09/09/10, 97.17, 98.21, 95.78, 97.17, 2774846.99655931
09/08/10, 95.40, 97.17, 90.23, 95.40, 411472.638742128
09/07/10, 95.40, 95.61, 94.12, 95.40, 118139.903280303
09/06/10, 95.58, 96.51, 95.44, 95.58, 219279.186332465
09/03/10, 96.48, 96.83, 95.82, 96.48, 179226.877659386
09/02/10, 95.47, 97.17, 95.44, 95.47, 119868.779913673
09/01/10, 96.20, 100.64, 94.05, 96.20, 72900.9647071138
08/31/10, 92.18, 93.70, 90.82, 92.18, 637667.331608074
08/30/10, 90.93, 91.27, 90.23, 90.93, 290163.128300647
08/27/10, 90.65, 91.97, 88.50, 90.65, 276332.115233684
08/26/10, 90.20, 98.49, 89.54, 90.20, 229940.592238248
08/25/10, 89.54, 90.23, 87.07, 89.54, 429337.697286955
08/23/10, 87.11, 88.50, 86.87, 87.11, 46391.5229954361
08/20/10, 86.87, 89.54, 86.76, 86.87, 123038.387074852
08/19/10, 88.53, 92.11, 88.50, 88.53, 55035.9061622875
08/18/10, 90.02, 90.23, 86.76, 90.02, 327333.975918108
08/17/10, 88.46, 88.50, 87.46, 88.46, 34865.6787729675
08/16/10, 87.32, 88.50, 86.76, 87.32, 65121.0198569475
08/13/10, 85.82, 90.23, 85.37, 85.82, 161073.673008998
08/12/10, 86.73, 86.73, 86.73, 86.73, 864.438316685144
08/11/10, 86.80, 88.50, 86.41, 86.80, 360758.924163267
08/10/10, 86.59, 86.76, 81.52, 86.59, 118428.049385865
08/09/10, 81.56, 83.29, 79.13, 81.56, 419828.875803418
08/06/10, 83.33, 84.85, 83.29, 83.33, 41204.8930953252
08/05/10, 81.66, 83.99, 79.82, 81.66, 19882.0812837583
08/04/10, 83.99, 84.16, 83.85, 83.99, 23916.1267616223
08/03/10, 84.16, 85.72, 84.16, 84.16, 87020.1238796378
08/02/10, 84.99, 85.20, 84.33, 84.99, 75206.1335516075
07/30/10, 85.03, 85.03, 85.03, 85.03, 521544.451066703
07/29/10, 84.94, 85.72, 84.68, 84.94, 73189.1108126755
07/28/10, 83.99, 83.99, 83.29, 83.99, 24780.5650783075
07/27/10, 83.29, 84.68, 83.29, 83.29, 1372728.04689601
07/26/10, 83.29, 83.29, 82.25, 83.29, 726992.624332206
07/23/10, 81.90, 83.29, 81.90, 81.90, 59646.2438512749
07/22/10, 83.03, 83.29, 82.60, 83.03, 11237.6981169069
07/21/10, 83.12, 83.29, 82.60, 83.12, 124190.971497099
07/20/10, 82.94, 85.03, 82.94, 82.94, 522120.743277827
07/19/10, 83.29, 83.64, 83.29, 83.29, 366233.700168939
07/16/10, 83.64, 85.03, 83.64, 83.64, 692991.383875924
07/15/10, 83.38, 83.99, 83.20, 83.38, 362775.946902199
07/14/10, 84.25, 84.68, 83.20, 84.25, 261060.371638913
07/13/10, 83.29, 83.38, 80.51, 83.29, 134276.085191759
07/09/10, 80.17, 81.56, 80.17, 80.17, 98545.9681021064
07/08/10, 79.91, 82.42, 79.82, 79.91, 105749.620741149
07/07/10, 79.82, 81.56, 79.82, 79.82, 1026376.42801083
07/06/10, 83.29, 84.33, 83.29, 83.29, 13542.8669614006
07/05/10, 84.33, 84.42, 83.29, 84.33, 5474.77600567258
07/02/10, 84.85, 85.03, 84.59, 84.85, 308604.479056596
07/01/10, 85.03, 85.03, 84.33, 85.03, 28238.318345048
06/30/10, 85.03, 85.29, 84.42, 85.03, 148107.098258721
06/29/10, 85.03, 85.72, 83.29, 85.03, 70883.9419681818
06/28/10, 85.37, 86.07, 85.37, 85.37, 119292.48770255
06/24/10, 86.07, 86.41, 85.89, 86.07, 236567.952666168
06/23/10, 85.98, 86.67, 85.72, 85.98, 194498.621254157
06/22/10, 86.33, 87.11, 86.07, 86.33, 507425.291894179
06/21/10, 86.15, 87.72, 85.37, 86.15, 245788.628044143
06/17/10, 86.85, 87.11, 86.76, 86.85, 267687.732066833
06/16/10, 86.94, 87.80, 86.76, 86.94, 168565.471753603
06/15/10, 87.72, 88.06, 87.46, 87.72, 71460.2341793052
06/14/10, 87.63, 88.06, 86.07, 87.63, 208905.926532243
06/11/10, 85.72, 86.59, 85.20, 85.72, 140039.007302993
06/10/10, 85.72, 85.72, 85.55, 85.72, 50713.7145788618
06/09/10, 85.03, 85.03, 84.68, 85.03, 236279.806560606
06/08/10, 85.03, 86.76, 83.64, 85.03, 324740.660968052
06/07/10, 86.59, 86.76, 81.21, 86.59, 656396.828469586
06/04/10, 80.60, 81.56, 79.73, 80.60, 569376.704589948
06/03/10, 79.30, 79.82, 78.00, 79.30, 245788.628044143
06/02/10, 76.26, 76.70, 74.96, 76.26, 379200.274919216
06/01/10, 74.96, 74.96, 74.27, 74.96, 1038478.56444442
05/31/10, 74.61, 74.79, 74.61, 74.61, 359318.193635458
05/26/10, 74.61, 75.66, 74.53, 74.61, 117563.61106918
05/25/10, 75.66, 75.66, 74.44, 75.66, 32560.5099284738
05/24/10, 74.70, 75.48, 74.61, 74.70, 31984.2177173503
05/21/10, 74.61, 75.48, 74.61, 74.61, 174616.539970399
05/20/10, 74.61, 75.66, 74.61, 74.61, 127360.578658278
05/19/10, 74.61, 75.66, 74.61, 74.61, 111512.542852384
05/18/10, 75.05, 75.66, 74.61, 75.05, 119292.48770255
05/17/10, 74.88, 75.66, 72.88, 74.88, 29102.7566617332
05/14/10, 73.75, 74.61, 73.57, 73.75, 19882.0812837583
05/13/10, 74.61, 75.48, 74.61, 74.61, 343182.011724002
05/12/10, 74.61, 74.79, 74.61, 74.61, 3715355.88511275
05/11/10, 74.61, 75.57, 74.27, 74.61, 222448.793493644
05/10/10, 75.57, 76.00, 75.57, 75.57, 329927.290868163
05/07/10, 75.66, 76.00, 74.61, 75.66, 50425.5684733
05/06/10, 76.18, 76.18, 75.92, 76.18, 127648.72476384
05/05/10, 75.92, 76.00, 75.92, 75.92, 124767.263708222
05/04/10, 76.00, 76.35, 75.92, 76.00, 180091.315976072
05/03/10, 76.26, 76.35, 76.00, 76.26, 71172.0880737435
04/30/10, 75.74, 76.35, 75.66, 75.74, 14407.3052780857
04/29/10, 76.26, 76.44, 76.26, 76.26, 48120.3996288063
04/27/10, 76.35, 77.04, 75.31, 76.35, 1416526.25494139
04/26/10, 76.44, 77.04, 76.35, 76.44, 3331833.41861011
04/23/10, 76.96, 77.65, 76.35, 76.96, 218126.601910218
04/22/10, 76.35, 77.04, 76.35, 76.35, 319554.031067941
04/21/10, 76.35, 77.04, 76.35, 76.35, 131106.47803058
04/20/10, 76.44, 77.13, 76.35, 76.44, 472271.46701565
04/19/10, 76.44, 77.56, 76.00, 76.44, 387268.365874944
04/16/10, 76.35, 77.39, 76.35, 76.35, 799029.150722634
04/15/10, 77.39, 78.00, 77.39, 77.39, 10949.5520113452
04/12/10, 77.39, 77.39, 76.70, 77.39, 115546.588330248
04/08/10, 76.09, 77.04, 75.66, 76.09, 89613.4388296932
04/07/10, 75.66, 76.35, 75.66, 75.66, 303417.849156485
04/06/10, 75.83, 76.18, 73.23, 75.83, 458152.307843126
04/05/10, 72.88, 72.88, 71.84, 72.88, 47255.9613121212
04/01/10, 72.19, 72.88, 71.49, 72.19, 14407.3052780857
03/31/10, 72.88, 74.61, 72.88, 72.88, 57341.0750067812
03/30/10, 75.48, 75.66, 74.01, 75.48, 16712.4741225794
03/26/10, 74.01, 74.61, 73.75, 74.01, 263365.540483407
03/25/10, 74.27, 74.27, 73.57, 74.27, 31119.7794006652
03/24/10, 74.44, 74.61, 74.27, 74.44, 347792.34941299
03/23/10, 74.09, 75.14, 73.92, 74.09, 1630330.66526818
03/22/10, 74.61, 75.22, 74.61, 74.61, 42357.477517572
03/19/10, 75.31, 75.31, 74.61, 75.31, 4898.48379454915
03/18/10, 74.61, 76.35, 74.61, 74.61, 102868.159685532
03/17/10, 74.61, 74.61, 74.61, 74.61, 9220.67537797487
03/16/10, 75.31, 75.66, 74.61, 75.31, 8932.52927241315
03/15/10, 74.70, 75.31, 74.61, 74.70, 39476.0164619549
03/12/10, 74.61, 75.66, 74.61, 74.61, 8068.09095572801
03/11/10, 75.66, 76.00, 75.66, 75.66, 1857966.08866194
03/10/10, 75.31, 76.26, 75.31, 75.31, 8068.09095572801
03/09/10, 76.00, 76.09, 75.92, 76.00, 252127.8423665
03/08/10, 76.26, 76.70, 75.66, 76.26, 153581.874264394
03/05/10, 76.87, 77.74, 76.52, 76.87, 1383965.74501292
03/04/10, 76.35, 77.74, 76.18, 76.35, 7270214.38942762
03/03/10, 76.70, 77.56, 76.35, 76.70, 42357.477517572
03/02/10, 76.52, 78.09, 76.35, 76.52, 3037924.39093716
03/01/10, 77.74, 77.74, 77.22, 77.74, 55900.3444789726
02/26/10, 77.30, 77.48, 77.04, 77.30, 763875.325844105
02/25/10, 76.35, 77.39, 76.35, 76.35, 1481359.12869277
02/24/10, 76.35, 77.04, 76.00, 76.35, 136004.961825129
02/23/10, 76.26, 76.61, 76.00, 76.26, 216109.579171286
02/22/10, 76.09, 76.35, 76.00, 76.09, 114682.150013562
02/19/10, 75.66, 76.35, 75.66, 75.66, 1343337.14412871
02/18/10, 75.66, 76.00, 75.57, 75.66, 34289.386561844
02/17/10, 75.66, 75.66, 73.57, 75.66, 424727.359597967
02/16/10, 75.14, 75.31, 74.44, 75.14, 277484.699655931
02/15/10, 74.70, 75.66, 74.70, 74.70, 38899.7242508315
02/12/10, 75.66, 76.00, 74.61, 75.66, 280366.160711548
02/11/10, 74.35, 75.66, 72.88, 74.35, 628734.802335661
02/10/10, 75.31, 75.66, 75.31, 75.31, 123038.387074852
02/09/10, 75.92, 76.44, 74.70, 75.92, 307740.040739911
02/08/10, 76.78, 77.22, 76.26, 76.78, 718636.387270916
02/05/10, 76.00, 76.35, 75.74, 76.00, 90766.0232519401
02/03/10, 76.61, 77.74, 74.61, 76.61, 492729.840510532
02/02/10, 74.61, 74.88, 72.88, 74.61, 1379355.40732393
02/01/10, 73.14, 74.53, 71.75, 73.14, 207465.196004434
01/28/10, 71.75, 72.27, 69.50, 71.75, 626429.633491167
01/26/10, 72.10, 72.88, 70.62, 72.10, 597038.730723873
01/25/10, 70.71, 71.14, 70.45, 70.71, 163955.134064616
01/22/10, 70.19, 70.80, 70.10, 70.19, 70595.7958626201
01/21/10, 70.10, 71.06, 70.10, 70.10, 475152.928071267
01/20/10, 70.19, 71.84, 70.10, 70.19, 977679.736170898
01/19/10, 70.28, 70.71, 69.41, 70.28, 55035.9061622875
01/18/10, 71.14, 71.75, 70.80, 71.14, 1053462.16193363
01/15/10, 71.84, 72.45, 70.10, 71.84, 683770.708497949
01/13/10, 71.67, 71.84, 70.45, 71.67, 108919.227902328
01/12/10, 70.88, 71.49, 69.50, 70.88, 102003.721368847
01/11/10, 71.93, 72.53, 71.84, 71.93, 52730.7373177938
01/08/10, 72.79, 72.88, 72.53, 72.79, 239737.559827347
01/07/10, 72.88, 72.88, 71.84, 72.88, 360470.778057705
01/06/10, 72.79, 73.57, 72.27, 72.79, 491577.256088285
01/05/10, 73.40, 74.61, 72.88, 73.40, 869913.092690816
01/04/10, 72.71, 72.88, 71.93, 72.71, 352402.687101977
12/30/09, 71.49, 71.49, 71.14, 71.49, 60798.8282735218
12/29/09, 71.32, 71.75, 71.32, 71.32, 26509.4417116777
12/28/09, 71.14, 71.14, 70.54, 71.14, 6627.36042791944
12/24/09, 69.93, 70.71, 68.72, 69.93, 12966.5747502772
12/23/09, 69.50, 71.49, 69.41, 69.50, 25933.1495005543
12/22/09, 70.97, 72.01, 70.80, 70.97, 3987653.95486857
12/21/09, 71.49, 72.19, 70.80, 71.49, 1977258.57636449
12/18/09, 71.14, 71.49, 67.67, 71.14, 454982.700681947
12/17/09, 69.41, 69.76, 67.50, 69.41, 1122905.373374
12/16/09, 66.63, 66.98, 65.42, 66.63, 73189.1108126755
12/15/09, 65.16, 65.24, 65.07, 65.16, 1486257.61248732
12/14/09, 64.55, 64.90, 64.20, 64.55, 76358.7179738544
12/11/09, 64.90, 64.98, 64.20, 64.90, 255009.303422117
12/10/09, 64.64, 65.24, 64.03, 64.64, 286993.521139468
12/09/09, 63.60, 63.68, 61.51, 63.60, 336266.505190521
12/08/09, 62.64, 63.42, 62.47, 62.64, 11712274.752767
12/07/09, 63.16, 63.34, 62.99, 63.16, 14119.159172524
12/04/09, 63.34, 63.86, 63.16, 63.34, 16424.3280170177
12/03/09, 63.25, 64.20, 62.47, 63.25, 71748.3802848669
12/02/09, 62.29, 62.29, 61.51, 62.29, 46103.3768898743
11/30/09, 61.95, 62.29, 61.77, 61.95, 59358.0977457132
11/27/09, 61.95, 62.29, 61.77, 61.95, 7779.94485016629
11/26/09, 61.34, 63.16, 60.73, 61.34, 3197557.33341835
11/25/09, 62.47, 62.47, 61.60, 62.47, 2265116.53582064
11/24/09, 62.12, 62.82, 62.12, 62.12, 81545.3478739652
11/23/09, 63.34, 63.51, 62.82, 63.34, 589258.785873706
11/20/09, 62.47, 62.82, 62.47, 62.47, 101715.575263285
11/19/09, 62.12, 62.38, 61.77, 62.12, 538545.071294844
11/18/09, 62.38, 63.42, 62.12, 62.38, 61086.9743790835
11/17/09, 62.21, 63.77, 62.12, 62.21, 174616.539970399
11/16/09, 62.47, 62.47, 62.12, 62.47, 85291.2472462675
11/13/09, 62.47, 63.51, 62.12, 62.47, 184701.653665059
11/12/09, 61.95, 62.12, 60.56, 61.95, 128225.016974963
11/11/09, 60.04, 60.73, 60.04, 60.04, 2593.31495005543
11/10/09, 59.00, 60.39, 58.82, 59.00, 301688.972523115
11/09/09, 60.73, 62.47, 60.47, 60.73, 12678.4286447154
11/06/09, 62.47, 62.47, 60.04, 62.47, 131106.47803058
11/05/09, 59.69, 60.73, 59.00, 59.69, 305146.725789856
11/04/09, 60.56, 62.99, 60.56, 60.56, 140039.007302993
11/03/09, 63.25, 64.20, 63.16, 63.25, 119868.779913673
10/30/09, 63.86, 63.86, 63.60, 63.86, 5474.77600567258
10/29/09, 63.77, 63.86, 63.60, 63.77, 82409.7861906504
10/28/09, 63.94, 64.90, 63.86, 63.94, 83562.3706128972
10/27/09, 64.12, 64.64, 63.94, 64.12, 153293.728158832
10/26/09, 65.16, 66.63, 64.90, 65.16, 58493.6594290281
10/23/09, 65.59, 65.59, 64.29, 65.59, 50425.5684733
10/22/09, 64.38, 65.85, 64.29, 64.38, 58781.8055345898
10/21/09, 65.24, 65.24, 62.47, 65.24, 504255.684733
10/20/09, 65.94, 68.54, 64.29, 65.94, 1311352.92641136
10/19/09, 68.37, 69.15, 66.98, 68.37, 430490.281709202
10/16/09, 69.76, 69.93, 69.15, 69.76, 212363.679798984
10/15/09, 69.41, 69.41, 68.72, 69.41, 572546.311751127
10/14/09, 68.98, 69.41, 68.37, 68.98, 855217.641307169
10/13/09, 68.19, 68.37, 67.33, 68.19, 106614.059057834
10/12/09, 67.59, 68.02, 67.33, 67.59, 41204.8930953252
10/09/09, 67.67, 68.72, 67.67, 67.67, 56476.6366900961
10/08/09, 67.76, 68.02, 67.67, 67.76, 1810421.98124425
10/07/09, 67.67, 67.85, 67.33, 67.67, 187006.822509553
10/06/09, 67.76, 68.02, 67.33, 67.76, 127936.870869401
10/05/09, 66.81, 67.33, 66.29, 66.81, 51290.0067899852
10/02/09, 66.20, 66.55, 65.94, 66.20, 131106.47803058
10/01/09, 66.55, 66.63, 65.94, 66.55, 70307.6497570584
09/30/09, 65.85, 65.94, 64.90, 65.85, 57052.9289012195
09/29/09, 65.85, 65.94, 65.77, 65.85, 60222.5360623984
09/28/09, 65.94, 65.94, 64.29, 65.94, 72900.9647071138
09/25/09, 64.81, 65.94, 64.55, 64.81, 26797.5878172395
09/24/09, 65.50, 66.72, 64.20, 65.50, 161361.81911456
09/23/09, 66.20, 67.33, 65.94, 66.20, 298807.511467498
09/22/09, 67.15, 68.37, 66.29, 67.15, 179803.16987051
09/18/09, 68.02, 69.24, 67.76, 68.02, 172887.663337029
09/17/09, 69.24, 69.41, 65.94, 69.24, 463050.791637675
09/16/09, 65.42, 65.94, 62.56, 65.42, 130530.185819457
09/15/09, 62.47, 62.82, 62.29, 62.47, 225618.400654823
09/14/09, 62.47, 62.64, 62.47, 62.47, 78952.0329239098
09/11/09, 62.47, 62.47, 61.08, 62.47, 166836.595120233
09/10/09, 60.99, 61.77, 60.39, 60.99, 32272.363822912
09/09/09, 62.12, 62.47, 59.69, 62.12, 288434.251667276
09/08/09, 59.69, 59.69, 59.17, 59.69, 33424.9482451589
09/07/09, 59.08, 59.52, 59.00, 59.08, 100562.990841038
09/03/09, 59.00, 59.34, 59.00, 59.00, 101427.429157724
09/02/09, 59.34, 59.69, 58.56, 59.34, 26509.4417116777
09/01/09, 58.30, 58.30, 57.70, 58.30, 163955.134064616
08/31/09, 57.78, 57.96, 57.61, 57.78, 36594.5554063378
08/28/09, 57.61, 57.78, 57.61, 57.61, 414354.099797746
08/27/09, 57.61, 57.70, 57.61, 57.61, 752349.481621637
08/26/09, 57.61, 57.61, 57.52, 57.61, 183260.92313725
08/25/09, 57.61, 57.96, 57.61, 57.61, 230228.73834381
08/24/09, 57.61, 57.61, 57.61, 57.61, 78663.8868183481
08/21/09, 57.70, 57.96, 57.61, 57.70, 290451.274406208
08/20/09, 58.04, 58.04, 57.87, 58.04, 51001.8606844235
08/19/09, 57.87, 58.04, 57.61, 57.87, 124190.971497099
08/18/09, 57.70, 57.70, 57.61, 57.70, 16136.181911456
08/17/09, 57.78, 57.96, 57.61, 57.78, 95088.2148353658
08/14/09, 57.96, 58.30, 57.78, 57.96, 75494.2796571692
08/13/09, 57.96, 58.04, 57.96, 57.96, 14119.159172524
08/12/09, 57.96, 57.96, 57.61, 57.96, 208041.488215558
08/11/09, 57.61, 57.96, 57.35, 57.61, 34577.5326674058
08/10/09, 57.61, 57.96, 57.61, 57.61, 38323.432039708
08/07/09, 57.87, 58.30, 57.61, 57.87, 24204.272867184
08/06/09, 57.52, 57.61, 57.26, 57.52, 24204.272867184
08/04/09, 57.26, 58.30, 57.26, 57.26, 252415.988472062
08/03/09, 57.35, 59.00, 57.26, 57.35, 35730.1170896526
07/31/09, 58.74, 59.69, 58.65, 58.74, 38323.432039708
07/30/09, 59.00, 59.17, 57.26, 59.00, 350961.956574168
07/29/09, 57.26, 57.61, 56.22, 57.26, 289874.982195085
07/28/09, 56.57, 56.74, 56.22, 56.57, 275179.530811437
07/27/09, 56.31, 57.61, 56.22, 56.31, 343182.011724002
07/24/09, 56.40, 56.57, 56.22, 56.40, 899592.141563673
07/23/09, 56.40, 56.57, 56.22, 56.40, 109207.37400789
07/22/09, 56.48, 56.92, 55.87, 56.48, 623836.318541112
07/21/09, 55.87, 56.92, 55.18, 55.87, 623548.17243555
07/20/09, 54.14, 54.31, 53.79, 54.14, 84426.8089295824
07/17/09, 53.88, 54.14, 53.71, 53.88, 129953.893608333
07/16/09, 54.14, 54.31, 53.97, 54.14, 61951.4126957686
07/15/09, 54.14, 54.49, 53.97, 54.14, 121309.510441482
07/14/09, 54.49, 54.83, 54.49, 54.49, 91630.4615686252
07/13/09, 54.14, 55.09, 54.14, 54.14, 561596.759739782
07/10/09, 53.79, 53.79, 53.45, 53.79, 102291.867474409
07/09/09, 53.45, 53.79, 52.92, 53.45, 278349.137972616
07/08/09, 54.14, 55.44, 54.14, 54.14, 175192.832181522
07/07/09, 55.44, 55.53, 55.18, 55.44, 1323743.20895052
07/03/09, 55.44, 55.87, 53.79, 55.44, 625277.049068921
07/02/09, 53.79, 53.79, 53.10, 53.79, 853200.618568237
07/01/09, 53.27, 53.45, 53.10, 53.27, 701635.767042775
06/30/09, 52.92, 53.27, 52.40, 52.92, 188447.553037361
06/29/09, 52.58, 52.75, 52.06, 52.58, 256161.887844364
06/26/09, 52.49, 52.75, 50.67, 52.49, 271433.631439135
06/25/09, 51.02, 52.06, 50.67, 51.02, 179226.877659386
06/24/09, 52.06, 53.45, 51.80, 52.06, 91342.3154630635
06/23/09, 53.10, 53.10, 51.36, 53.10, 1004765.4700937
06/22/09, 53.45, 54.83, 52.06, 53.45, 640836.938769253
06/19/09, 52.32, 54.49, 50.67, 52.32, 1198111.50692561
06/18/09, 50.50, 50.67, 47.02, 50.50, 1988208.12837583
06/17/09, 46.94, 47.89, 45.12, 46.94, 594157.269668256
06/16/09, 45.12, 45.29, 44.25, 45.12, 269128.462594641
06/15/09, 45.12, 45.29, 43.81, 45.12, 595886.146301626
06/12/09, 43.64, 43.73, 41.99, 43.64, 1219146.17263161
06/11/09, 42.17, 42.34, 41.65, 42.17, 499357.200938451
06/10/09, 41.56, 41.82, 40.95, 41.56, 777706.338911068
06/09/09, 41.12, 41.47, 40.95, 41.12, 119004.341596988
06/08/09, 41.56, 42.17, 41.30, 41.56, 224465.816232576
06/05/09, 41.30, 41.47, 39.91, 41.30, 1829727.77031689
06/04/09, 40.00, 40.60, 39.56, 40.00, 3233287.450508
06/03/09, 40.60, 40.95, 39.91, 40.60, 255297.449527679
06/02/09, 40.26, 41.65, 39.91, 40.26, 428761.405075831
06/01/09, 41.65, 43.38, 41.56, 41.65, 542290.970667147
05/29/09, 41.65, 43.38, 41.65, 41.65, 2221894.61998638
05/28/09, 42.34, 42.43, 41.65, 42.34, 3322900.88933769
05/27/09, 41.56, 41.65, 39.91, 41.56, 1957376.49508073
05/26/09, 39.91, 40.26, 39.56, 39.91, 4890703.84969898
05/25/09, 39.91, 40.95, 39.82, 39.91, 4038367.66944743
05/22/09, 40.78, 43.03, 40.60, 40.78, 5314854.91708582
05/21/09, 40.95, 43.03, 35.05, 40.95, 4544928.52302492
05/19/09, 34.18, 36.44, 33.06, 34.18, 19269482.6633341
05/18/09, 33.58, 34.18, 32.62, 33.58, 3627471.32291642
05/15/09, 32.02, 33.23, 31.93, 32.02, 350097.518257483
05/14/09, 31.93, 32.28, 31.93, 31.93, 276332.115233684
05/13/09, 32.28, 32.28, 32.19, 32.28, 649481.321936105
05/12/09, 32.28, 33.32, 32.28, 32.28, 1172178.35742506
05/11/09, 33.06, 33.40, 32.19, 33.06, 771078.978483148
05/07/09, 32.28, 32.97, 32.10, 32.28, 1605261.95408431
05/06/09, 32.62, 33.66, 32.45, 32.62, 825538.592434312
05/05/09, 32.19, 33.32, 32.10, 32.19, 3632657.95281654
05/04/09, 31.93, 32.54, 31.58, 31.93, 3180556.71319021
04/30/09, 32.28, 32.62, 31.93, 32.28, 208329.63432112
04/29/09, 32.45, 32.62, 31.93, 32.45, 80104.6173461566
04/28/09, 32.02, 32.28, 31.84, 32.02, 31407.9255062269
04/27/09, 31.67, 32.97, 31.58, 31.67, 195651.205676404
04/24/09, 32.54, 33.23, 32.28, 32.54, 3800935.27846458
04/23/09, 32.80, 33.06, 32.62, 32.80, 157039.627531134
04/22/09, 32.88, 32.97, 32.45, 32.88, 2635384.28146744
04/21/09, 32.28, 32.28, 32.28, 32.28, 737654.030237989
04/20/09, 32.28, 32.28, 32.10, 32.28, 8068.09095572801
04/17/09, 32.28, 32.28, 32.28, 32.28, 6051.06821679601
04/16/09, 31.93, 32.62, 31.93, 31.93, 13831.0130669623
04/15/09, 31.93, 31.93, 31.93, 31.93, 4034.045477864
04/08/09, 30.89, 31.23, 30.89, 30.89, 24492.4189727457
04/07/09, 30.89, 30.89, 30.89, 30.89, 28238.318345048
04/06/09, 30.89, 30.89, 30.89, 30.89, 576.292211123429
04/03/09, 30.80, 30.89, 30.63, 30.80, 28814.6105561715
04/02/09, 30.89, 30.89, 30.89, 30.89, 864.438316685144
04/01/09, 31.23, 31.23, 31.23, 31.23, 6051.06821679601
03/31/09, 30.89, 33.49, 30.89, 30.89, 30543.4871895417
03/30/09, 33.66, 33.66, 33.40, 33.66, 37747.1398285846
03/27/09, 33.14, 33.14, 33.14, 33.14, 94511.9226242424
03/26/09, 33.14, 33.49, 33.14, 33.14, 23051.6884449372
03/25/09, 33.49, 33.58, 32.97, 33.49, 6627.36042791944
03/23/09, 32.88, 33.14, 32.62, 32.88, 3745.89937230229
03/20/09, 32.97, 33.14, 32.97, 32.97, 21034.6657060052
03/19/09, 32.97, 32.97, 32.97, 32.97, 5474.77600567258
03/18/09, 32.97, 33.14, 32.36, 32.97, 6174971.04218754
03/16/09, 32.97, 33.14, 32.97, 32.97, 3745.89937230229
03/13/09, 33.14, 33.14, 33.06, 33.14, 12678.4286447154
03/12/09, 32.97, 33.06, 32.97, 32.97, 2881.46105561715
03/11/09, 33.66, 33.66, 33.14, 33.66, 2305.16884449372
03/09/09, 33.06, 33.66, 33.06, 33.06, 4610.33768898743
03/05/09, 32.88, 32.97, 32.28, 32.88, 4610.33768898743
03/04/09, 32.97, 32.97, 32.97, 32.97, 2881.46105561715
03/03/09, 32.97, 33.32, 32.97, 32.97, 484949.895660366
03/02/09, 33.66, 34.10, 33.66, 33.66, 576.292211123429
02/27/09, 34.70, 34.70, 34.70, 34.70, 576.292211123429
02/26/09, 34.70, 34.70, 34.70, 34.70, 64832.8737513858
02/25/09, 34.70, 34.70, 34.70, 34.70, 576.292211123429
02/24/09, 34.70, 34.79, 34.70, 34.70, 25645.0033949926
02/20/09, 34.70, 34.70, 34.70, 34.70, 576.292211123429
02/19/09, 34.70, 34.79, 34.70, 34.70, 102003.721368847
02/18/09, 34.70, 34.70, 34.70, 34.70, 576.292211123429
02/17/09, 34.70, 35.40, 34.70, 34.70, 1171890.21131949
02/16/09, 34.70, 34.70, 34.70, 34.70, 576.292211123429
02/13/09, 34.44, 34.70, 34.01, 34.44, 5186.62990011086
02/11/09, 34.70, 34.70, 34.18, 34.70, 2593.31495005543
02/10/09, 34.96, 35.40, 34.79, 34.96, 2017.022738932
02/06/09, 35.40, 35.40, 35.40, 35.40, 1152.58442224686
02/05/09, 35.40, 35.40, 35.40, 35.40, 864.438316685144
02/03/09, 36.09, 36.09, 36.09, 36.09, 864.438316685144
02/02/09, 36.09, 36.09, 36.09, 36.09, 288.146105561715
01/30/09, 36.09, 36.09, 36.09, 36.09, 1440.73052780857
01/29/09, 36.09, 36.09, 36.09, 36.09, 11237.6981169069
01/28/09, 36.09, 36.18, 36.09, 36.09, 8068.09095572801
01/27/09, 36.44, 36.44, 36.35, 36.44, 1728.87663337029
01/26/09, 36.44, 36.44, 35.05, 36.44, 29390.9027672949
01/22/09, 35.31, 35.75, 34.70, 35.31, 2017.022738932
01/21/09, 34.88, 35.75, 34.70, 34.88, 3745.89937230229
01/20/09, 36.09, 36.09, 36.09, 36.09, 2881.46105561715
01/19/09, 36.09, 36.44, 34.36, 36.09, 19882.0812837583
01/16/09, 32.02, 32.02, 32.02, 32.02, 1440.73052780857
01/12/09, 31.23, 31.23, 31.23, 31.23, 288.146105561715
01/08/09, 31.23, 31.23, 30.54, 31.23, 2305.16884449372
01/07/09, 30.54, 30.71, 30.54, 30.54, 213804.410326792
01/06/09, 30.80, 30.89, 30.71, 30.80, 4610.33768898743
01/05/09, 30.89, 31.23, 30.89, 30.89, 18153.204650388
01/02/09, 30.71, 30.71, 30.71, 30.71, 2593.31495005543
12/30/08, 29.85, 29.85, 29.85, 29.85, 391014.265247247
12/29/08, 30.71, 30.71, 30.54, 30.71, 1440.73052780857
12/24/08, 29.93, 30.54, 29.85, 29.93, 1728.87663337029
12/23/08, 30.54, 30.54, 29.85, 30.54, 7491.79874460458
12/22/08, 30.19, 30.54, 30.02, 30.19, 1152.58442224686
12/19/08, 30.19, 31.23, 30.19, 30.19, 305146.725789856
12/18/08, 30.02, 30.02, 30.02, 30.02, 288.146105561715
12/17/08, 30.11, 30.11, 30.11, 30.11, 288.146105561715
12/16/08, 29.85, 29.85, 29.85, 29.85, 864.438316685144
12/15/08, 29.85, 31.23, 29.85, 29.85, 1440.73052780857
12/11/08, 30.19, 31.23, 30.19, 30.19, 153581.874264394
12/10/08, 31.58, 32.19, 31.58, 31.58, 576.292211123429
12/08/08, 31.58, 31.58, 31.23, 31.58, 7491.79874460458
12/05/08, 31.75, 32.28, 30.63, 31.75, 6627.36042791944
12/04/08, 32.88, 32.88, 32.02, 32.88, 864.438316685144
12/03/08, 32.62, 32.62, 31.93, 32.62, 2017.022738932
12/02/08, 32.80, 33.32, 32.80, 32.80, 2305.16884449372
12/01/08, 33.32, 35.75, 33.32, 33.32, 1728.87663337029
11/28/08, 32.97, 32.97, 32.10, 32.97, 3457.75326674058
11/27/08, 31.23, 31.23, 30.89, 31.23, 5762.92211123429
11/26/08, 30.63, 31.23, 30.54, 30.63, 17000.6202281412
11/25/08, 31.23, 31.58, 31.23, 31.23, 108919.227902328
11/24/08, 31.58, 32.97, 31.32, 31.58, 119292.48770255
11/21/08, 32.88, 33.66, 32.28, 32.88, 14983.5974892092
11/20/08, 34.01, 34.01, 34.01, 34.01, 6339.21432235772
11/19/08, 34.01, 34.10, 33.66, 34.01, 7779.94485016629
11/18/08, 34.70, 34.70, 34.70, 34.70, 62815.8510124538
11/17/08, 34.88, 35.14, 34.79, 34.88, 17288.7663337029
11/14/08, 34.79, 36.09, 34.70, 34.79, 11813.9903280303
11/13/08, 36.09, 36.44, 36.09, 36.09, 11813.9903280303
11/11/08, 36.44, 36.44, 36.44, 36.44, 4034.045477864
11/10/08, 36.70, 36.79, 36.61, 36.70, 106037.766846711
11/07/08, 36.87, 37.83, 36.79, 36.87, 5186.62990011086
11/06/08, 36.79, 36.79, 36.79, 36.79, 56764.7827956578
11/05/08, 37.48, 38.18, 37.48, 37.48, 19882.0812837583
11/04/08, 37.48, 38.18, 37.13, 37.48, 102868.159685532
11/03/08, 36.87, 37.48, 36.79, 36.87, 76358.7179738544
10/31/08, 36.87, 37.48, 36.70, 36.87, 19593.9351781966
10/30/08, 36.79, 37.48, 36.79, 36.79, 12390.2825391537
10/29/08, 36.44, 37.48, 36.44, 36.44, 2593.31495005543
10/28/08, 37.48, 38.70, 37.48, 37.48, 8644.38316685144
10/24/08, 38.87, 38.87, 38.87, 38.87, 1440.73052780857
10/23/08, 38.87, 40.26, 38.87, 38.87, 10949.5520113452
10/22/08, 40.26, 40.26, 40.26, 40.26, 576.292211123429
10/21/08, 40.52, 40.60, 40.26, 40.52, 3457.75326674058
10/20/08, 41.12, 41.21, 40.86, 41.12, 1152.58442224686
10/17/08, 41.21, 41.65, 41.04, 41.21, 1728.87663337029
10/16/08, 41.39, 42.69, 41.39, 41.39, 6627.36042791944
10/15/08, 42.69, 42.77, 42.69, 42.69, 6051.06821679601
10/13/08, 41.65, 42.34, 41.65, 41.65, 1728.87663337029
10/10/08, 41.56, 43.03, 40.26, 41.56, 7203.65263904286
10/09/08, 43.03, 43.38, 43.03, 43.03, 4898.48379454915
10/08/08, 43.21, 44.16, 43.03, 43.21, 21899.1040226903
10/07/08, 44.77, 44.86, 44.77, 44.77, 2593.31495005543
10/06/08, 44.86, 45.12, 44.77, 44.86, 1728.87663337029
10/03/08, 45.03, 45.03, 45.03, 45.03, 2881.46105561715
10/02/08, 45.12, 45.12, 45.12, 45.12, 4322.19158342572
09/30/08, 45.72, 45.72, 45.72, 45.72, 2881.46105561715
09/29/08, 45.12, 45.46, 45.12, 45.12, 13831.0130669623
09/26/08, 45.64, 45.81, 45.64, 45.64, 2017.022738932
09/25/08, 46.16, 46.16, 46.16, 46.16, 1728.87663337029
09/24/08, 46.16, 46.16, 45.81, 46.16, 34577.5326674058
09/23/08, 45.64, 45.81, 45.46, 45.64, 5474.77600567258
09/22/08, 45.46, 45.46, 45.46, 45.46, 288.146105561715
09/19/08, 45.20, 45.81, 45.20, 45.20, 6051.06821679601
09/18/08, 45.81, 45.81, 45.81, 45.81, 1728.87663337029
09/17/08, 45.98, 46.07, 45.90, 45.98, 1440.73052780857
09/16/08, 45.98, 46.85, 45.98, 45.98, 11813.9903280303
09/15/08, 47.20, 47.20, 47.20, 47.20, 4898.48379454915
09/12/08, 47.81, 48.50, 47.20, 47.81, 3457.75326674058
09/11/08, 47.20, 47.89, 47.20, 47.20, 2017.022738932
09/09/08, 48.50, 48.50, 48.50, 48.50, 576.292211123429
09/08/08, 47.89, 47.89, 47.89, 47.89, 576.292211123429
09/05/08, 48.59, 48.59, 48.59, 48.59, 864.438316685144
09/04/08, 47.89, 47.89, 47.89, 47.89, 576.292211123429
09/03/08, 48.24, 48.33, 48.24, 48.24, 4610.33768898743
09/02/08, 48.59, 48.93, 48.59, 48.59, 7779.94485016629
09/01/08, 49.28, 49.28, 49.28, 49.28, 1728.87663337029
08/29/08, 49.28, 49.28, 49.28, 49.28, 864.438316685144
08/26/08, 49.54, 49.97, 49.28, 49.54, 864.438316685144
08/25/08, 50.32, 50.32, 50.32, 50.32, 576.292211123429
08/20/08, 50.50, 50.50, 49.71, 50.50, 6339.21432235772
08/18/08, 49.63, 49.63, 49.63, 49.63, 576.292211123429
08/15/08, 49.63, 50.67, 48.85, 49.63, 41493.0392008869
08/14/08, 50.58, 50.67, 49.80, 50.58, 2305.16884449372
08/13/08, 49.80, 50.32, 49.28, 49.80, 433083.596659257
08/12/08, 50.32, 50.32, 50.32, 50.32, 11237.6981169069
08/07/08, 50.32, 51.62, 50.32, 50.32, 2017.022738932
08/06/08, 49.63, 49.63, 49.45, 49.63, 1440.73052780857
08/05/08, 48.85, 48.85, 48.85, 48.85, 10373.2598002217
08/04/08, 49.28, 49.28, 48.59, 49.28, 3457.75326674058
08/01/08, 48.59, 48.59, 48.50, 48.59, 8068.09095572801
07/31/08, 48.50, 48.50, 48.41, 48.50, 1440.73052780857
07/29/08, 48.59, 48.76, 48.59, 48.59, 455847.138998632
07/28/08, 48.24, 48.24, 48.24, 48.24, 15559.8897003326
07/25/08, 48.33, 48.59, 48.24, 48.33, 43221.9158342572
07/24/08, 47.89, 47.89, 47.89, 47.89, 288.146105561715
07/23/08, 47.89, 48.59, 47.89, 47.89, 6915.50653348115
07/22/08, 48.59, 48.59, 48.59, 48.59, 2881.46105561715
07/21/08, 48.59, 48.59, 48.59, 48.59, 864.438316685144
07/18/08, 48.59, 48.93, 48.59, 48.59, 2593.31495005543
07/16/08, 49.28, 49.97, 49.28, 49.28, 6339.21432235772
07/15/08, 49.63, 49.97, 49.63, 49.63, 2305.16884449372
07/14/08, 50.23, 50.23, 50.23, 50.23, 864.438316685144
07/10/08, 48.93, 48.93, 48.93, 48.93, 576.292211123429
07/09/08, 49.28, 49.28, 49.28, 49.28, 288.146105561715
07/08/08, 49.37, 49.63, 49.37, 49.37, 1440.73052780857
07/07/08, 49.63, 49.63, 49.63, 49.63, 1440.73052780857
07/04/08, 50.32, 50.32, 49.97, 50.32, 4322.19158342572
07/03/08, 50.32, 50.32, 50.32, 50.32, 864.438316685144
07/02/08, 51.71, 52.06, 51.71, 51.71, 1728.87663337029
07/01/08, 49.37, 49.97, 49.37, 49.37, 1440.73052780857
06/30/08, 50.32, 50.32, 49.89, 50.32, 6339.21432235772
06/27/08, 49.63, 49.63, 49.45, 49.63, 5474.77600567258
06/26/08, 49.97, 49.97, 49.97, 49.97, 288.146105561715
06/25/08, 50.41, 51.02, 50.32, 50.41, 18153.204650388
06/24/08, 51.71, 51.71, 51.71, 51.71, 2593.31495005543
06/23/08, 52.06, 52.06, 52.06, 52.06, 864.438316685144
06/20/08, 51.36, 51.62, 51.36, 51.36, 8068.09095572801
06/19/08, 51.71, 51.80, 51.71, 51.71, 4322.19158342572
06/17/08, 51.97, 52.06, 51.97, 51.97, 1440.73052780857
06/16/08, 52.06, 52.14, 52.06, 52.06, 3745.89937230229
06/13/08, 52.14, 52.49, 52.14, 52.14, 3169.60716117886
06/12/08, 52.49, 52.49, 52.49, 52.49, 576.292211123429
06/11/08, 52.66, 52.75, 52.58, 52.66, 864.438316685144
06/10/08, 52.75, 52.75, 52.75, 52.75, 288.146105561715
06/09/08, 53.10, 53.79, 52.75, 53.10, 12390.2825391537
06/06/08, 53.18, 53.18, 53.10, 53.18, 1728.87663337029
06/05/08, 53.27, 53.45, 53.27, 53.27, 3457.75326674058
06/04/08, 53.45, 53.88, 53.45, 53.45, 2593.31495005543
06/03/08, 54.14, 54.83, 54.14, 54.14, 1728.87663337029
06/02/08, 54.14, 54.66, 54.14, 54.14, 3457.75326674058
05/29/08, 54.66, 54.66, 54.66, 54.66, 17000.6202281412
05/28/08, 54.66, 55.53, 54.14, 54.66, 1440.73052780857
05/27/08, 55.18, 55.53, 55.18, 55.18, 8068.09095572801
05/26/08, 55.70, 55.96, 55.53, 55.70, 6051.06821679601
05/23/08, 55.87, 55.87, 55.87, 55.87, 1728.87663337029
05/22/08, 55.53, 55.53, 55.53, 55.53, 15848.0358058943
05/21/08, 55.87, 55.87, 55.70, 55.87, 12966.5747502772
05/15/08, 55.70, 55.70, 55.70, 55.70, 288.146105561715
05/14/08, 55.70, 57.26, 55.53, 55.70, 7491.79874460458
05/13/08, 55.70, 55.70, 55.70, 55.70, 5474.77600567258
05/12/08, 55.70, 55.96, 55.70, 55.70, 10949.5520113452
05/09/08, 55.96, 56.05, 55.87, 55.96, 5474.77600567258
05/08/08, 56.05, 56.40, 55.87, 56.05, 8932.52927241315
05/07/08, 56.40, 56.57, 56.40, 56.40, 3745.89937230229
05/06/08, 56.57, 56.57, 56.57, 56.57, 1440.73052780857
05/05/08, 57.26, 57.78, 57.26, 57.26, 6339.21432235772
05/02/08, 57.70, 57.96, 56.57, 57.70, 7779.94485016629
04/30/08, 55.96, 55.96, 55.96, 55.96, 288.146105561715
04/29/08, 59.69, 59.87, 59.00, 59.69, 1440.73052780857
04/28/08, 60.13, 60.39, 60.04, 60.13, 19882.0812837583
04/25/08, 60.30, 60.65, 59.87, 60.30, 4034.045477864
04/24/08, 60.65, 60.73, 60.56, 60.65, 19593.9351781966
04/23/08, 60.73, 61.08, 60.73, 60.73, 6339.21432235772
04/22/08, 60.73, 60.73, 60.13, 60.73, 9796.9675890983
04/21/08, 60.30, 60.39, 59.87, 60.30, 9508.82148353658
04/17/08, 59.87, 60.04, 59.69, 59.87, 844844.381506947
04/10/08, 59.00, 59.00, 58.04, 59.00, 8932.52927241315
04/09/08, 57.96, 58.30, 57.44, 57.96, 4034.045477864
04/07/08, 57.78, 58.13, 57.78, 57.78, 6339.21432235772
04/04/08, 57.96, 58.04, 57.96, 57.96, 43510.0619398189
04/03/08, 57.61, 57.61, 57.52, 57.61, 10661.4059057834
04/02/08, 57.70, 57.96, 57.61, 57.70, 10373.2598002217
04/01/08, 57.52, 57.96, 57.44, 57.52, 27085.7339228012
03/31/08, 57.61, 57.61, 57.26, 57.61, 8356.23706128972
03/28/08, 57.35, 57.35, 57.35, 57.35, 7203.65263904286
03/27/08, 57.26, 57.61, 57.26, 57.26, 14695.4513836474
03/26/08, 57.61, 57.61, 57.61, 57.61, 1152.58442224686
03/25/08, 57.61, 57.70, 57.61, 57.61, 2017.022738932
03/24/08, 57.70, 57.96, 57.61, 57.70, 14.4073052780857
03/19/08, 57.78, 57.96, 57.61, 57.78, 3745.89937230229
03/18/08, 57.70, 57.78, 57.35, 57.70, 7779.94485016629
03/17/08, 57.26, 59.00, 57.26, 57.26, 5186.62990011086
03/13/08, 58.91, 59.00, 58.82, 58.91, 4322.19158342572
03/12/08, 59.00, 59.00, 56.74, 59.00, 152717.435947709
03/11/08, 56.66, 57.26, 56.57, 56.66, 1728.87663337029
03/10/08, 56.92, 56.92, 56.57, 56.92, 518374.843905524
03/07/08, 56.40, 56.40, 56.40, 56.40, 38899.7242508315
03/05/08, 56.40, 56.40, 56.40, 56.40, 1440.73052780857
03/04/08, 56.83, 57.18, 56.83, 56.83, 864.438316685144
03/03/08, 57.26, 57.26, 57.26, 57.26, 288.146105561715
02/28/08, 56.74, 56.74, 56.57, 56.74, 6051.06821679601
02/27/08, 56.31, 56.40, 56.31, 56.31, 5186.62990011086
02/26/08, 56.40, 56.57, 56.31, 56.40, 10085.11369466
02/25/08, 56.31, 56.66, 56.22, 56.31, 14119.159172524
02/22/08, 56.57, 56.57, 55.87, 56.57, 4610.33768898743
02/21/08, 55.87, 55.87, 55.87, 55.87, 14407.3052780857
02/19/08, 56.22, 56.22, 56.22, 56.22, 5474.77600567258
02/18/08, 55.79, 55.79, 55.70, 55.79, 6339.21432235772
02/15/08, 56.57, 56.57, 56.57, 56.57, 288.146105561715
02/14/08, 57.35, 57.61, 56.05, 57.35, 286129.082822783
02/13/08, 56.05, 56.05, 55.53, 56.05, 1756250.51339865
02/12/08, 55.53, 55.53, 55.53, 55.53, 288.146105561715
02/08/08, 56.48, 56.57, 56.48, 56.48, 864.438316685144
02/07/08, 54.92, 55.18, 54.83, 54.92, 6051.06821679601
02/06/08, 54.92, 55.01, 54.92, 54.92, 3457.75326674058
02/01/08, 55.01, 55.01, 54.92, 55.01, 97105.2375742978
01/31/08, 54.92, 54.92, 54.92, 54.92, 288.146105561715
01/30/08, 54.83, 55.53, 54.83, 54.83, 3457.75326674058
01/29/08, 54.49, 54.49, 54.49, 54.49, 2593.31495005543
01/24/08, 55.96, 56.92, 55.53, 55.96, 864.438316685144
01/23/08, 56.92, 57.26, 53.53, 56.92, 29102.7566617332
01/18/08, 56.40, 56.40, 55.61, 56.40, 1152.58442224686
01/16/08, 57.26, 57.26, 55.53, 57.26, 576.292211123429
01/14/08, 56.57, 56.57, 56.57, 56.57, 1152.58442224686
01/11/08, 56.57, 57.18, 56.57, 56.57, 31984.2177173503
01/10/08, 56.22, 56.57, 56.22, 56.22, 7203.65263904286
01/09/08, 56.22, 56.22, 56.22, 56.22, 33136.8021395972
01/08/08, 56.57, 56.74, 56.40, 56.57, 17288.7663337029
01/07/08, 56.74, 56.74, 56.74, 56.74, 288.146105561715
01/04/08, 56.83, 56.83, 56.74, 56.83, 144649.344991981
01/03/08, 57.09, 58.30, 56.66, 57.09, 5474.77600567258
01/02/08, 58.13, 58.13, 58.04, 58.13, 864.438316685144
12/31/07, 58.56, 59.00, 56.57, 58.56, 74917.9874460458
12/28/07, 58.30, 58.30, 56.57, 58.30, 23792800.2284419
12/27/07, 55.87, 55.87, 55.87, 55.87, 9220.67537797487
12/26/07, 55.87, 55.87, 55.87, 55.87, 288.146105561715
12/24/07, 56.57, 56.57, 55.87, 56.57, 4034.045477864
12/20/07, 56.57, 56.57, 55.87, 56.57, 2305.16884449372
12/18/07, 55.87, 55.87, 55.87, 55.87, 3745.89937230229
12/17/07, 55.87, 55.96, 55.87, 55.87, 3745.89937230229
12/14/07, 55.96, 56.22, 55.70, 55.96, 8356.23706128972
12/13/07, 56.74, 57.26, 56.22, 56.74, 5762.92211123429
12/11/07, 58.22, 58.30, 55.53, 58.22, 1415373.67051914
12/10/07, 55.61, 55.61, 55.61, 55.61, 2593.31495005543
12/07/07, 55.61, 55.87, 55.53, 55.61, 2305.16884449372
12/06/07, 55.61, 55.61, 55.61, 55.61, 4610.33768898743
12/05/07, 55.53, 56.22, 55.53, 55.53, 4610.33768898743
12/04/07, 55.61, 57.44, 55.61, 55.61, 864.438316685144
12/03/07, 57.61, 57.96, 54.92, 57.61, 244924.189727457
11/30/07, 55.09, 57.26, 54.83, 55.09, 11813.9903280303
11/29/07, 56.05, 57.26, 54.57, 56.05, 10373.2598002217
11/27/07, 55.79, 55.87, 55.70, 55.79, 576.292211123429
11/26/07, 57.61, 57.61, 54.66, 57.61, 243771.605305211
11/23/07, 54.66, 54.83, 54.66, 54.66, 19017.6429670732
11/22/07, 54.66, 54.75, 54.66, 54.66, 1440.73052780857
11/21/07, 54.57, 54.57, 54.57, 54.57, 3457.75326674058
11/19/07, 55.44, 55.53, 54.49, 55.44, 13831.0130669623
11/16/07, 55.27, 56.22, 53.79, 55.27, 4322.19158342572
11/15/07, 56.05, 56.22, 55.61, 56.05, 14119.159172524
11/14/07, 55.61, 55.61, 55.61, 55.61, 1152.58442224686
11/13/07, 55.61, 55.61, 55.61, 55.61, 288.146105561715
11/09/07, 57.26, 57.61, 57.26, 57.26, 325316.953179176
11/07/07, 57.26, 57.35, 56.57, 57.26, 299095.65757306
11/06/07, 57.26, 57.26, 56.66, 57.26, 302841.556945362
11/05/07, 57.00, 57.26, 56.22, 57.00, 5762.92211123429
11/02/07, 57.26, 57.26, 55.53, 57.26, 3182861.8820347
11/01/07, 55.53, 55.53, 55.53, 55.53, 288.146105561715
10/31/07, 56.22, 56.31, 55.53, 56.22, 110936.25064126
10/30/07, 55.70, 55.70, 55.70, 55.70, 25356.8572894309
10/29/07, 55.96, 56.22, 55.53, 55.96, 27373.8800283629
10/23/07, 56.22, 56.22, 54.49, 56.22, 231381.322766057
10/19/07, 55.53, 55.53, 54.49, 55.53, 72324.6724959904
10/18/07, 55.53, 55.53, 55.44, 55.53, 8644.38316685144
10/16/07, 55.44, 55.53, 54.14, 55.44, 135428.669614006
10/15/07, 54.14, 54.57, 54.14, 54.14, 18729.4968615114
10/12/07, 53.97, 54.14, 53.79, 53.97, 3457.75326674058
10/11/07, 53.45, 53.79, 53.45, 53.45, 12966.5747502772
10/10/07, 53.79, 54.83, 53.62, 53.79, 44662.6463620658
10/09/07, 55.18, 55.18, 55.18, 55.18, 576.292211123429
10/08/07, 54.14, 54.31, 54.14, 54.14, 69731.3575459349
10/05/07, 54.23, 54.23, 54.23, 54.23, 288.146105561715
10/04/07, 54.14, 54.14, 54.14, 54.14, 288.146105561715
10/03/07, 54.49, 54.49, 54.49, 54.49, 10373.2598002217
10/02/07, 54.57, 54.75, 54.49, 54.57, 7779.94485016629
10/01/07, 54.66, 54.66, 54.66, 54.66, 2305.16884449372
09/28/07, 54.49, 54.49, 54.14, 54.49, 2593.31495005543
09/27/07, 55.53, 55.61, 55.53, 55.53, 31696.0716117886
09/25/07, 56.22, 56.22, 55.53, 56.22, 2135738.93442343
09/24/07, 56.22, 56.22, 56.22, 56.22, 864.438316685144
09/20/07, 56.22, 56.22, 56.22, 56.22, 16136.181911456
09/18/07, 55.96, 56.92, 55.96, 55.96, 1728.87663337029
09/17/07, 57.26, 57.35, 57.26, 57.26, 67426.1887014412
09/14/07, 56.92, 57.26, 56.74, 56.92, 107190.351268958
09/13/07, 57.18, 57.26, 55.87, 57.18, 1755962.36729309
09/12/07, 55.53, 55.53, 55.53, 55.53, 108919.227902328
09/11/07, 55.53, 55.53, 55.18, 55.53, 2167867.22519356
09/10/07, 55.27, 55.53, 55.18, 55.27, 864.438316685144
09/07/07, 55.53, 55.53, 55.53, 55.53, 864.438316685144
09/06/07, 55.53, 55.53, 55.53, 55.53, 576.292211123429
09/05/07, 55.53, 56.22, 55.53, 55.53, 1728.87663337029
09/04/07, 56.22, 56.57, 56.22, 56.22, 2017.022738932
08/31/07, 56.13, 56.13, 56.13, 56.13, 288.146105561715
08/30/07, 56.13, 57.26, 55.18, 56.13, 10085.11369466
08/29/07, 55.18, 55.53, 55.18, 55.18, 2305.16884449372
08/27/07, 55.70, 55.70, 55.70, 55.70, 1152.58442224686
08/24/07, 55.79, 55.79, 55.70, 55.79, 1728.87663337029
08/23/07, 55.87, 55.87, 55.53, 55.87, 2593.31495005543
08/22/07, 55.18, 55.87, 54.49, 55.18, 16712.4741225794
08/20/07, 55.87, 55.87, 55.44, 55.87, 1639551.34064616
08/17/07, 55.18, 55.18, 55.18, 55.18, 2017.022738932
08/16/07, 54.83, 54.83, 54.83, 54.83, 3457.75326674058
08/15/07, 54.83, 54.83, 54.83, 54.83, 6627.36042791944
08/14/07, 54.83, 55.18, 54.83, 54.83, 10949.5520113452
08/13/07, 55.18, 55.18, 55.18, 55.18, 288.146105561715
08/10/07, 55.18, 55.18, 54.83, 55.18, 1728.87663337029
08/09/07, 55.53, 55.53, 54.83, 55.53, 96817.0914687361
08/07/07, 55.53, 55.53, 55.53, 55.53, 2881.46105561715
08/03/07, 56.22, 56.22, 56.22, 56.22, 1152.58442224686
08/02/07, 56.22, 56.22, 56.22, 56.22, 288.146105561715
08/01/07, 56.57, 56.92, 55.53, 56.57, 156463.335320011
07/31/07, 57.18, 57.26, 56.57, 57.18, 565342.659112084
07/27/07, 57.18, 57.26, 56.92, 57.18, 9796.9675890983
07/26/07, 56.92, 56.92, 56.22, 56.92, 4034.045477864
07/24/07, 56.57, 56.57, 56.40, 56.57, 110071.812324575
07/20/07, 56.57, 56.57, 56.57, 56.57, 288.146105561715
07/19/07, 56.57, 57.18, 56.57, 56.57, 9796.9675890983
07/18/07, 56.48, 56.57, 55.53, 56.48, 68290.6270181264
07/17/07, 56.57, 56.57, 55.53, 56.57, 80104.6173461566
07/16/07, 56.57, 57.26, 55.53, 56.57, 223313.231810329
07/13/07, 56.40, 56.40, 56.40, 56.40, 1440.73052780857
07/12/07, 57.26, 57.26, 56.92, 57.26, 57917.3672179046
07/11/07, 56.92, 57.09, 56.92, 56.92, 7491.79874460458
07/10/07, 56.92, 57.26, 56.83, 56.92, 6339.21432235772
07/09/07, 57.26, 57.26, 57.26, 57.26, 1440.73052780857
07/06/07, 57.26, 57.26, 57.26, 57.26, 288.146105561715
07/05/07, 57.26, 57.61, 57.26, 57.26, 22475.3962338137
07/03/07, 57.26, 57.26, 57.26, 57.26, 3169.60716117886
06/29/07, 57.26, 57.35, 56.92, 57.26, 98545.9681021064
06/28/07, 57.00, 57.26, 55.53, 57.00, 6627.36042791944
06/25/07, 57.26, 57.26, 55.53, 57.26, 376318.813863599
06/21/07, 57.09, 57.09, 57.09, 57.09, 576.292211123429
06/20/07, 57.00, 57.18, 56.74, 57.00, 4322.19158342572
06/19/07, 56.22, 56.74, 55.53, 56.22, 93071.1920964338
06/18/07, 55.53, 55.53, 55.53, 55.53, 18729.4968615114
06/15/07, 55.53, 55.53, 54.83, 55.53, 6339.21432235772
06/14/07, 55.53, 55.53, 55.35, 55.53, 4610.33768898743
06/13/07, 55.35, 55.53, 54.49, 55.35, 6627.36042791944
06/12/07, 54.49, 54.49, 54.49, 54.49, 33424.9482451589
06/08/07, 54.83, 57.18, 54.40, 54.83, 14119.159172524
06/07/07, 54.49, 55.18, 54.49, 54.49, 60798.8282735218
06/06/07, 55.53, 55.53, 54.23, 55.53, 6339.21432235772
06/05/07, 54.23, 54.49, 53.79, 54.23, 7491.79874460458
06/04/07, 54.14, 54.14, 53.88, 54.14, 6627.36042791944
06/01/07, 53.97, 54.31, 53.88, 53.97, 6627.36042791944
05/30/07, 53.88, 53.88, 53.88, 53.88, 8644.38316685144
05/29/07, 54.66, 55.18, 52.06, 54.66, 14695.4513836474
05/28/07, 55.53, 57.26, 55.53, 55.53, 81833.493979527
05/25/07, 55.53, 57.26, 55.53, 55.53, 6051.06821679601
05/24/07, 55.18, 55.53, 54.92, 55.18, 23627.9806560606
05/23/07, 55.70, 56.57, 55.61, 55.70, 13254.7208558389
05/22/07, 57.00, 57.26, 56.57, 57.00, 57052.9289012195
05/21/07, 57.61, 57.61, 57.61, 57.61, 5762.92211123429
05/18/07, 57.26, 57.26, 56.92, 57.26, 32848.6560340355
05/17/07, 56.40, 57.26, 55.53, 56.40, 178938.731553825
05/16/07, 56.22, 57.35, 55.53, 56.22, 155022.604792202
05/15/07, 57.96, 59.69, 57.96, 57.96, 11237.6981169069
05/14/07, 59.34, 59.34, 59.34, 59.34, 16712.4741225794
05/11/07, 59.34, 59.69, 59.34, 59.34, 4322.19158342572
05/10/07, 59.52, 60.73, 59.43, 59.52, 3169.60716117886
05/09/07, 60.73, 60.73, 60.73, 60.73, 288.146105561715
05/08/07, 61.08, 61.60, 61.08, 61.08, 165107.718486862
05/07/07, 61.95, 62.47, 61.43, 61.95, 5474.77600567258
05/04/07, 62.47, 62.90, 62.47, 62.47, 238873.121510661
05/03/07, 63.51, 63.51, 63.51, 63.51, 20746.5196004434
04/30/07, 63.86, 64.20, 63.86, 63.86, 8644.38316685144
04/27/07, 64.20, 64.90, 64.20, 64.20, 175192.832181522
04/26/07, 64.98, 65.94, 64.90, 64.98, 53018.8834233555
04/25/07, 65.94, 65.94, 65.59, 65.94, 7203.65263904286
04/24/07, 65.59, 65.94, 65.59, 65.59, 6627.36042791944
04/23/07, 65.94, 65.94, 65.94, 65.94, 5186.62990011086
04/20/07, 65.94, 65.94, 65.94, 65.94, 4322.19158342572
04/19/07, 65.94, 66.98, 65.94, 65.94, 31696.0716117886
04/16/07, 68.72, 68.72, 67.85, 68.72, 1728.87663337029
04/11/07, 65.94, 65.94, 65.94, 65.94, 31119.7794006652
04/10/07, 65.94, 65.94, 64.55, 65.94, 31119.7794006652
04/09/07, 66.63, 66.63, 66.63, 66.63, 288.146105561715
04/03/07, 67.85, 68.02, 67.67, 67.85, 23335512.3589155
03/30/07, 69.06, 72.88, 62.82, 69.06, 3854818.60020462
03/29/07, 62.56, 62.56, 62.56, 62.56, 288.146105561715
03/28/07, 63.86, 64.90, 63.86, 63.86, 47255.9613121212
03/27/07, 65.24, 65.85, 65.24, 65.24, 10373.2598002217
03/26/07, 65.85, 65.94, 65.85, 65.85, 5186.62990011086
03/23/07, 66.63, 66.63, 66.63, 66.63, 3745.89937230229
03/22/07, 66.72, 68.02, 66.72, 66.72, 4034.045477864
03/21/07, 68.37, 68.37, 67.67, 68.37, 2881.46105561715
03/20/07, 68.54, 69.06, 68.54, 68.54, 12102.136433592
03/19/07, 68.54, 69.41, 67.07, 68.54, 38035.2859341463
03/16/07, 66.98, 68.72, 66.81, 66.98, 4898.48379454915
03/15/07, 66.29, 68.02, 65.94, 66.29, 57629.2211123429
03/14/07, 68.02, 68.37, 67.67, 68.02, 5186.62990011086
03/13/07, 67.76, 68.72, 67.67, 67.76, 63103.9971180155
03/12/07, 68.72, 69.41, 68.54, 68.72, 8932.52927241315
03/09/07, 69.50, 69.84, 69.41, 69.50, 68578.7731236881
03/08/07, 69.50, 70.80, 69.41, 69.50, 37170.8476174612
03/07/07, 71.49, 71.84, 71.14, 71.49, 1440.73052780857
03/06/07, 71.14, 72.79, 71.14, 71.14, 35441.9709840909
03/05/07, 72.62, 72.88, 72.53, 72.62, 5474.77600567258
03/02/07, 72.88, 73.23, 72.79, 72.88, 103444.451896656
03/01/07, 72.88, 72.88, 72.19, 72.88, 177498.001026016
02/28/07, 72.19, 73.23, 72.19, 72.19, 8068.09095572801
02/27/07, 73.23, 73.40, 72.88, 73.23, 29967.1949784183
02/26/07, 72.88, 74.18, 72.88, 72.88, 71460.2341793052
02/23/07, 72.88, 74.18, 72.88, 72.88, 5186.62990011086
02/22/07, 72.88, 72.88, 72.53, 72.88, 97105.2375742978
02/21/07, 72.88, 72.88, 69.41, 72.88, 23695406.844762
02/20/07, 69.58, 70.80, 69.50, 69.58, 46391.5229954361
02/19/07, 70.80, 71.14, 69.41, 70.80, 27950.1722394863
02/15/07, 70.80, 70.80, 69.41, 70.80, 24204.272867184
02/14/07, 69.24, 70.10, 68.80, 69.24, 2356458.8512837
02/13/07, 69.93, 71.06, 69.67, 69.93, 51578.1528955469
02/12/07, 70.62, 71.14, 70.45, 70.62, 20746.5196004434
02/09/07, 71.14, 71.32, 70.10, 71.14, 24492.4189727457
02/08/07, 71.75, 72.88, 71.14, 71.75, 100562.990841038
02/07/07, 72.01, 72.97, 71.14, 72.01, 68290.6270181264
02/06/07, 73.23, 74.27, 72.88, 73.23, 80969.0556628418
02/02/07, 72.88, 73.23, 72.19, 72.88, 19882.0812837583
01/31/07, 72.88, 72.97, 72.88, 72.88, 9220.67537797487
01/30/07, 72.79, 73.23, 72.19, 72.79, 13254.7208558389
01/29/07, 72.53, 76.35, 72.01, 72.53, 49561.1301566149
01/26/07, 74.70, 76.35, 73.92, 74.70, 448931.632465151
01/25/07, 73.49, 78.09, 73.23, 73.49, 294773.465989634
01/24/07, 69.41, 69.41, 69.06, 69.41, 36882.7015118995
01/23/07, 69.32, 69.41, 68.72, 69.32, 7779.94485016629
01/22/07, 69.32, 70.10, 69.06, 69.32, 28238.318345048
01/19/07, 70.02, 70.45, 69.76, 70.02, 49849.2762621766
01/18/07, 69.67, 70.10, 69.58, 69.67, 11237.6981169069
01/17/07, 69.76, 70.45, 69.76, 69.76, 20170.22738932
01/16/07, 69.93, 70.45, 69.76, 69.93, 15848.0358058943
01/12/07, 69.41, 70.10, 69.06, 69.41, 399370.502308536
01/11/07, 69.06, 69.32, 69.06, 69.06, 31696.0716117886
01/10/07, 69.06, 69.15, 68.63, 69.06, 10661.4059057834
01/09/07, 69.06, 69.41, 69.06, 69.06, 1728.87663337029
01/08/07, 69.32, 69.32, 69.32, 69.32, 576.292211123429
01/05/07, 69.41, 70.10, 69.06, 69.41, 47832.2535232446
01/04/07, 69.93, 70.10, 69.93, 69.93, 106614.059057834
01/02/07, 70.10, 70.10, 69.50, 70.10, 34865.6787729675
12/29/06, 69.58, 69.76, 69.58, 69.58, 5762.92211123429
12/28/06, 69.76, 69.76, 69.50, 69.76, 2593.31495005543
12/27/06, 69.58, 69.76, 69.50, 69.58, 8356.23706128972
12/26/06, 70.10, 70.10, 70.10, 70.10, 288.146105561715
12/22/06, 70.10, 70.10, 69.41, 70.10, 137157.546247376
12/21/06, 69.41, 69.41, 69.41, 69.41, 102580.01357997
12/20/06, 69.41, 69.41, 69.06, 69.41, 285840.936717221
12/19/06, 68.72, 68.72, 68.72, 68.72, 14983.5974892092
12/18/06, 68.72, 68.98, 68.37, 68.72, 14695.4513836474
12/15/06, 68.37, 68.37, 68.37, 68.37, 576.292211123429
12/14/06, 68.72, 69.41, 68.02, 68.72, 5186.62990011086
12/13/06, 69.41, 69.41, 69.06, 69.41, 193346.03683191
12/12/06, 68.54, 69.41, 68.02, 68.54, 877404.891435421
12/11/06, 69.41, 69.50, 69.41, 69.41, 131106.47803058
12/08/06, 69.50, 69.50, 69.06, 69.50, 93935.630413119
12/07/06, 69.41, 69.41, 69.06, 69.41, 60510.6821679601
12/06/06, 69.41, 69.41, 69.32, 69.41, 1728.87663337029
12/05/06, 69.41, 70.10, 68.54, 69.41, 53307.0295289172
12/01/06, 70.10, 70.80, 70.10, 70.10, 12102.136433592
11/30/06, 69.84, 70.10, 69.41, 69.84, 395912.749041796
11/29/06, 69.41, 69.50, 69.41, 69.41, 10171557.5263285
11/28/06, 69.41, 69.41, 68.72, 69.41, 11525.8442224686
11/27/06, 69.50, 69.58, 69.41, 69.50, 34577.5326674058
11/24/06, 69.58, 69.84, 69.24, 69.58, 7894627.00017986
11/23/06, 69.67, 69.76, 69.41, 69.67, 654667.951836216
11/22/06, 69.41, 69.50, 69.41, 69.41, 441439.833720547
11/21/06, 69.41, 69.76, 67.85, 69.41, 429049.551181393
11/20/06, 69.76, 70.10, 69.50, 69.76, 256450.033949926
11/17/06, 69.76, 71.49, 69.76, 69.76, 530188.834233555
11/16/06, 70.19, 72.88, 69.67, 70.19, 269704.754805765
11/15/06, 71.23, 74.61, 70.54, 71.23, 345199.034462934
11/14/06, 72.88, 73.57, 71.58, 72.88, 310909.64790109
11/13/06, 72.01, 76.26, 71.58, 72.01, 201990.419998762
11/10/06, 74.61, 77.74, 73.05, 74.61, 78952.0329239098
11/09/06, 76.52, 79.13, 73.92, 76.52, 373437.352807982
11/08/06, 73.57, 73.92, 72.19, 73.57, 75494.2796571692
11/07/06, 71.84, 72.19, 71.49, 71.84, 42933.7697286955
11/06/06, 72.27, 72.53, 70.10, 72.27, 32272.363822912
11/03/06, 69.84, 69.93, 69.50, 69.84, 1161228.80541371
11/02/06, 69.41, 69.41, 69.41, 69.41, 48120.3996288063
11/01/06, 69.58, 70.02, 69.32, 69.58, 631904.40949684
10/31/06, 68.63, 69.41, 67.67, 68.63, 119292.48770255
10/30/06, 68.28, 68.45, 68.19, 68.28, 11535064.8978466
10/27/06, 69.41, 69.41, 68.19, 69.41, 8644.38316685144
10/26/06, 69.41, 70.71, 69.06, 69.41, 227059.131182631
10/25/06, 70.28, 71.14, 69.41, 70.28, 34289.386561844
10/23/06, 69.41, 69.41, 67.67, 69.41, 25356.8572894309
10/20/06, 69.24, 69.41, 64.81, 69.24, 3348545.89273268
10/19/06, 65.94, 66.03, 65.94, 65.94, 17288.7663337029
10/18/06, 66.03, 66.29, 64.20, 66.03, 149835.974892092
10/17/06, 65.94, 65.94, 64.46, 65.94, 100851.1369466
10/16/06, 64.72, 66.63, 55.53, 64.72, 22745965.4269362
10/13/06, 64.38, 64.55, 64.20, 64.38, 7203.65263904286
10/12/06, 64.20, 64.20, 62.47, 64.20, 8644.38316685144
10/11/06, 65.42, 65.94, 64.20, 65.42, 126784.286447154
10/10/06, 64.55, 64.90, 64.29, 64.55, 10373.2598002217
10/09/06, 64.20, 64.55, 62.82, 64.20, 9508.82148353658
10/05/06, 62.56, 62.56, 59.87, 62.56, 82986.0784017738
10/04/06, 60.73, 61.77, 59.61, 60.73, 70019.5036514966
10/03/06, 59.00, 59.34, 59.00, 59.00, 6051.06821679601
10/02/06, 59.34, 59.69, 58.22, 59.34, 23916.1267616223
09/29/06, 57.96, 57.96, 57.96, 57.96, 60510.6821679601
09/28/06, 57.26, 57.26, 57.18, 57.26, 26509.4417116777
09/25/06, 57.26, 57.26, 57.09, 57.26, 11813.9903280303
09/22/06, 56.92, 57.26, 56.92, 56.92, 3457.75326674058
09/21/06, 57.26, 57.26, 57.26, 57.26, 3457.75326674058
09/20/06, 57.52, 57.96, 57.26, 57.52, 1267554.71836598
09/19/06, 57.26, 57.61, 56.92, 57.26, 17000.6202281412
09/18/06, 56.92, 57.26, 56.92, 56.92, 4610.33768898743
09/15/06, 57.26, 57.26, 55.87, 57.26, 16136.181911456
09/14/06, 55.70, 56.13, 54.83, 55.70, 211499.241482298
09/13/06, 54.49, 54.49, 53.79, 54.49, 8644.38316685144
09/12/06, 53.79, 53.79, 53.79, 53.79, 1440.73052780857
09/11/06, 53.97, 53.97, 53.97, 53.97, 2593.31495005543
09/08/06, 53.88, 54.14, 53.79, 53.88, 11525.8442224686
09/06/06, 53.79, 53.79, 53.79, 53.79, 1728.87663337029
09/05/06, 54.05, 54.14, 53.79, 54.05, 1152.58442224686
09/04/06, 54.14, 54.14, 54.14, 54.14, 288.146105561715
09/01/06, 54.14, 54.14, 54.14, 54.14, 288.146105561715
08/31/06, 54.23, 54.49, 54.14, 54.23, 3457.75326674058
08/30/06, 53.97, 54.66, 53.79, 53.97, 4898.48379454915
08/29/06, 53.88, 54.14, 53.10, 53.88, 7804725.4152446
08/28/06, 53.27, 53.79, 53.10, 53.27, 329062.852551478
08/25/06, 52.75, 52.75, 52.06, 52.75, 17865.0585448263
08/24/06, 52.06, 52.06, 52.06, 52.06, 7869846.43510155
08/23/06, 52.14, 52.14, 51.71, 52.14, 18441.3507559497
08/22/06, 52.06, 52.06, 52.06, 52.06, 288.146105561715
08/21/06, 52.06, 52.06, 52.06, 52.06, 9220.67537797487
08/18/06, 52.06, 52.06, 51.88, 52.06, 10085.11369466
08/17/06, 51.71, 51.71, 51.71, 51.71, 288.146105561715
08/16/06, 52.06, 52.23, 52.06, 52.06, 878845.62196323
08/15/06, 51.88, 52.06, 51.88, 51.88, 6339.21432235772
08/14/06, 52.06, 52.06, 51.36, 52.06, 18153.204650388
08/11/06, 52.06, 52.06, 52.06, 52.06, 11237.6981169069
08/10/06, 52.06, 52.06, 52.06, 52.06, 13542.8669614006
08/08/06, 51.54, 51.71, 51.36, 51.54, 3457.75326674058
08/07/06, 51.71, 51.71, 51.71, 51.71, 3457.75326674058
08/04/06, 52.06, 52.14, 52.06, 52.06, 303705.995262047
08/03/06, 51.45, 52.06, 51.45, 51.45, 15848.0358058943
08/02/06, 51.54, 52.06, 51.36, 51.54, 71748.3802848669
08/01/06, 52.06, 52.06, 51.45, 52.06, 14983.5974892092
07/31/06, 51.45, 52.06, 51.36, 51.45, 2017.022738932
07/28/06, 52.14, 52.14, 52.06, 52.14, 21610.9579171286
07/27/06, 52.06, 52.40, 52.06, 52.06, 16712.4741225794
07/26/06, 51.97, 52.06, 51.97, 51.97, 58493.6594290281
07/25/06, 52.06, 52.06, 52.06, 52.06, 578021.0877568
07/24/06, 52.06, 52.06, 52.06, 52.06, 18153.204650388
07/21/06, 52.06, 52.06, 52.06, 52.06, 7779.94485016629
07/20/06, 52.40, 52.40, 52.06, 52.40, 576.292211123429
07/19/06, 52.23, 52.40, 51.62, 52.23, 580902.548812417
07/18/06, 52.06, 52.06, 52.06, 52.06, 289010.5438784
07/17/06, 52.06, 52.40, 52.06, 52.06, 4898.48379454915
07/14/06, 52.40, 52.40, 52.06, 52.40, 587241.763134774
07/13/06, 52.40, 52.58, 52.06, 52.40, 4610.33768898743
07/12/06, 52.40, 52.40, 52.06, 52.40, 2305.16884449372
07/11/06, 52.40, 52.40, 52.06, 52.40, 3169.60716117886
07/07/06, 52.06, 52.40, 52.06, 52.06, 86443.8316685144
07/06/06, 52.06, 52.06, 52.06, 52.06, 9220.67537797487
07/05/06, 52.06, 52.06, 52.06, 52.06, 2017.022738932
07/04/06, 52.06, 52.06, 52.06, 52.06, 96817.0914687361
07/03/06, 52.06, 52.92, 51.36, 52.06, 19593.9351781966
06/30/06, 52.92, 52.92, 52.40, 52.92, 44662.6463620658
06/29/06, 52.75, 52.75, 52.75, 52.75, 8644.38316685144
06/28/06, 52.06, 52.06, 52.06, 52.06, 3169.60716117886
06/27/06, 52.75, 52.75, 52.06, 52.75, 43510.0619398189
06/26/06, 52.58, 52.92, 52.06, 52.58, 61375.1204846452
06/23/06, 52.75, 52.75, 52.06, 52.75, 44086.3541509423
06/22/06, 52.14, 52.58, 51.71, 52.14, 52730.7373177938
06/21/06, 51.71, 52.40, 51.36, 51.71, 126784.286447154
06/20/06, 50.58, 52.06, 50.06, 50.58, 26221.295606116
06/19/06, 52.06, 52.06, 52.06, 52.06, 23627.9806560606
06/16/06, 53.79, 54.49, 52.06, 53.79, 503391.246416315
06/15/06, 51.36, 51.36, 50.67, 51.36, 15559.8897003326
06/14/06, 52.06, 52.06, 51.36, 52.06, 47832.2535232446
06/13/06, 52.06, 52.06, 52.06, 52.06, 1152.58442224686
06/12/06, 53.71, 53.79, 52.06, 53.71, 146666.367730913
06/09/06, 52.75, 52.84, 52.75, 52.75, 23627.9806560606
06/08/06, 52.58, 52.75, 51.71, 52.58, 57917.3672179046
06/07/06, 52.06, 52.06, 51.97, 52.06, 4898.48379454915
06/06/06, 52.66, 52.75, 52.06, 52.66, 204007.442737694
06/05/06, 52.06, 52.14, 52.06, 52.06, 25933.1495005543
06/02/06, 52.06, 52.06, 52.06, 52.06, 91342.3154630635
06/01/06, 51.97, 52.06, 51.97, 51.97, 6915.50653348115
05/31/06, 52.06, 52.75, 52.06, 52.06, 33424.9482451589
05/30/06, 52.06, 52.06, 52.06, 52.06, 29102.7566617332
05/29/06, 52.06, 52.14, 52.06, 52.06, 18153.204650388
05/25/06, 52.75, 52.75, 52.06, 52.75, 59934.3899568366
05/24/06, 52.06, 52.06, 52.06, 52.06, 288.146105561715
05/23/06, 52.06, 52.06, 52.06, 52.06, 2881.46105561715
05/22/06, 52.06, 52.06, 52.06, 52.06, 288.146105561715
05/19/06, 52.06, 52.40, 51.62, 52.06, 17288.7663337029
05/18/06, 51.36, 51.36, 51.36, 51.36, 864.438316685144
05/17/06, 52.06, 52.06, 51.36, 52.06, 36018.2631952143
05/16/06, 52.06, 52.06, 51.71, 52.06, 43221.9158342572
05/15/06, 52.06, 52.40, 51.19, 52.06, 199685.251154268
05/10/06, 51.71, 52.06, 51.54, 51.71, 20458.3734948817
05/09/06, 51.62, 52.06, 51.62, 51.62, 2593.31495005543
05/08/06, 52.06, 52.75, 52.06, 52.06, 8068.09095572801
05/05/06, 53.79, 53.79, 53.79, 53.79, 14407.3052780857
05/04/06, 53.71, 54.05, 53.10, 53.71, 8068.09095572801
05/03/06, 54.14, 54.49, 54.14, 54.14, 4610.33768898743
05/02/06, 54.31, 54.49, 53.79, 54.31, 7491.79874460458
04/28/06, 53.71, 53.79, 53.10, 53.71, 14983.5974892092
04/27/06, 53.10, 53.79, 52.06, 53.10, 39476.0164619549
04/26/06, 50.32, 52.06, 50.32, 50.32, 25645.0033949926
04/25/06, 52.40, 53.27, 51.36, 52.40, 19882.0812837583
04/24/06, 52.92, 55.61, 52.75, 52.92, 32560.5099284738
04/21/06, 56.31, 56.57, 56.22, 56.31, 26797.5878172395
04/20/06, 57.26, 57.78, 56.92, 57.26, 44374.500256504
04/19/06, 57.78, 58.22, 57.61, 57.78, 19593.9351781966
04/18/06, 57.70, 58.30, 55.53, 57.70, 18729.4968615114
04/17/06, 55.61, 79.82, 55.53, 55.61, 46679.6691009978
04/10/06, 58.94, 59.00, 58.77, 58.94, 215245.346091038
04/07/06, 58.94, 59.00, 57.96, 58.94, 236856.324614235
04/06/06, 57.73, 57.84, 57.61, 57.73, 34145.3460666507
04/05/06, 57.73, 57.84, 57.38, 57.73, 30687.5895029392
04/04/06, 57.78, 57.84, 57.61, 57.78, 290883.770922226
04/03/06, 57.38, 57.61, 56.68, 57.38, 113241.52746155
03/31/06, 56.51, 56.68, 56.22, 56.51, 23437538.4279772
03/29/06, 56.28, 56.45, 55.99, 56.28, 3457.75656371146
03/28/06, 56.34, 56.68, 56.22, 56.34, 30687.5895029392
03/27/06, 56.57, 56.68, 56.57, 56.57, 38035.322200826
03/24/06, 56.68, 57.61, 56.68, 56.68, 43654.1766168572
03/23/06, 56.74, 57.38, 56.05, 56.74, 128801.431998252
03/22/06, 56.39, 56.68, 56.22, 56.39, 159056.801930727
03/21/06, 56.68, 56.92, 56.68, 56.68, 40628.6396236096
03/20/06, 56.68, 57.84, 56.57, 56.68, 229508.591916348
03/17/06, 57.03, 57.90, 56.68, 57.03, 292180.429633618
03/16/06, 56.86, 62.47, 55.53, 56.86, 9130206.20648011
03/15/06, 50.90, 51.83, 50.90, 50.90, 4754.41527510326
03/13/06, 50.90, 52.00, 50.26, 50.90, 104597.136052272
03/10/06, 50.55, 50.90, 50.50, 50.55, 2386284.24853137
03/09/06, 52.06, 52.52, 51.59, 52.06, 64400.7159991259
03/08/06, 51.59, 52.64, 47.43, 51.59, 23486379.2394396
03/07/06, 52.52, 52.52, 52.06, 52.52, 27662.0525096917
03/06/06, 52.58, 52.98, 52.06, 52.58, 43221.9570463932
03/03/06, 51.13, 52.00, 50.96, 51.13, 30255.3699324753
03/02/06, 51.07, 51.13, 50.90, 51.07, 5618.85441603112
03/01/06, 52.00, 52.00, 50.90, 52.00, 3025.53699324753
02/28/06, 51.02, 52.87, 50.90, 51.02, 28958.7112210835
02/27/06, 52.11, 53.21, 50.90, 52.11, 68722.9117037652
02/24/06, 51.83, 52.29, 50.96, 51.83, 50137.4701738162
02/23/06, 50.90, 50.90, 49.80, 50.90, 34145.3460666507
02/22/06, 50.44, 50.44, 48.12, 50.44, 5186.63484556719
02/21/06, 48.99, 50.90, 48.59, 48.99, 94223.8663611372
02/20/06, 50.55, 52.06, 49.74, 50.55, 4322.19570463932
02/17/06, 46.50, 52.06, 46.50, 46.50, 13039632.2213264
02/16/06, 51.83, 53.21, 51.19, 51.83, 44950.835328249
02/15/06, 52.06, 52.52, 52.06, 52.06, 65697.3747105177
02/14/06, 52.00, 52.06, 49.80, 52.00, 17288.7828185573
02/13/06, 50.90, 50.90, 50.21, 50.90, 74773.9856902603
02/10/06, 50.90, 50.90, 50.90, 50.90, 432219.570463932
02/09/06, 50.78, 50.90, 50.78, 50.78, 5186.63484556719
02/08/06, 50.90, 50.90, 50.44, 50.90, 97249.4033543848
02/07/06, 50.44, 50.90, 50.44, 50.44, 161650.119353511
02/06/06, 50.90, 50.90, 50.44, 50.90, 146090.214816809
02/02/06, 51.02, 53.21, 50.90, 51.02, 532062.291241101
02/01/06, 48.36, 48.59, 48.36, 48.36, 2593.31742278359
01/31/06, 48.82, 48.93, 48.82, 48.82, 64832.9355695898
01/30/06, 48.64, 48.64, 48.59, 48.64, 3457.75656371146
01/27/06, 48.64, 49.28, 48.12, 48.64, 4754.41527510326
01/26/06, 49.34, 50.55, 48.59, 49.34, 12047688.3071116
01/25/06, 47.37, 47.43, 46.27, 47.37, 388133.174276611
01/24/06, 46.27, 46.27, 46.21, 46.27, 4322.19570463932
01/23/06, 46.27, 47.66, 46.27, 46.27, 51866.3484556719
01/20/06, 46.39, 46.97, 46.27, 46.39, 3457.75656371146
01/19/06, 46.27, 46.27, 45.81, 46.27, 58349.6420126309
01/18/06, 45.12, 46.04, 45.12, 45.12, 270569.451110422
01/17/06, 46.27, 46.27, 46.27, 46.27, 432.219570463932
01/16/06, 45.58, 46.04, 45.00, 45.58, 17721.0023890212
01/10/06, 45.35, 46.27, 45.12, 45.35, 11237.7088320622
01/09/06, 46.21, 46.27, 46.21, 46.21, 112809.307891086
01/06/06, 48.59, 48.59, 48.59, 48.59, 432.219570463932
01/05/06, 49.74, 49.74, 49.74, 49.74, 18153.2219594852
01/04/06, 50.90, 50.90, 49.74, 50.90, 109351.551327375
01/03/06, 49.74, 49.74, 49.74, 49.74, 50137.4701738162
01/02/06, 49.74, 49.74, 49.74, 49.74, 2161.09785231966
12/30/05, 49.74, 49.74, 48.59, 49.74, 42789.7374759293
12/29/05, 48.41, 49.74, 47.43, 48.41, 1296.6587113918
12/28/05, 49.28, 50.90, 45.12, 49.28, 12102.1479729901
12/27/05, 49.74, 50.90, 49.74, 49.74, 225186.396211709
12/23/05, 50.90, 50.90, 50.90, 50.90, 211355.369956863
12/22/05, 50.90, 51.36, 50.90, 50.90, 68722.9117037652
12/21/05, 51.02, 51.13, 50.90, 51.02, 11237.7088320622
12/20/05, 51.02, 51.07, 50.90, 51.02, 51001.909314744
12/19/05, 50.90, 50.90, 50.90, 50.90, 73045.1074084046
12/16/05, 50.90, 50.90, 50.90, 50.90, 156895.704078407
12/14/05, 50.96, 51.02, 50.90, 50.96, 25068.7350869081
12/13/05, 51.07, 51.13, 50.90, 51.07, 3457.75656371146
12/12/05, 52.92, 53.21, 50.90, 52.92, 4948481.86224156
12/09/05, 49.69, 49.74, 49.51, 49.69, 3025.53699324753
12/08/05, 49.74, 49.74, 48.59, 49.74, 27229.8329392277
12/07/05, 48.59, 48.59, 47.89, 48.59, 70019.570415157
12/06/05, 47.95, 49.74, 46.27, 47.95, 14695.4653957737
12/05/05, 50.38, 50.90, 49.74, 50.38, 131826.968991499
12/02/05, 49.74, 49.74, 49.74, 49.74, 432.219570463932
12/01/05, 50.90, 51.36, 48.59, 50.90, 204872.076399904
11/30/05, 50.90, 50.90, 50.90, 50.90, 15559.9045367016
11/29/05, 50.44, 50.44, 50.44, 50.44, 1728.87828185573
11/28/05, 50.90, 50.90, 50.90, 50.90, 117131.503595726
11/25/05, 50.90, 50.90, 49.74, 50.90, 145657.995246345
11/24/05, 50.90, 50.90, 49.05, 50.90, 162946.778064902
11/23/05, 50.90, 51.59, 48.82, 50.90, 57917.4224421669
11/22/05, 51.42, 52.06, 48.59, 51.42, 15992.1241071655
11/21/05, 50.90, 51.02, 48.59, 50.90, 407150.835377024
11/18/05, 50.90, 52.06, 46.27, 50.90, 235991.885473307
11/17/05, 54.08, 55.53, 53.21, 54.08, 47544.1527510326
11/16/05, 55.53, 55.76, 52.98, 55.53, 624125.059749918
11/14/05, 52.00, 53.21, 51.83, 52.00, 28958.7112210835
11/11/05, 53.39, 53.68, 52.75, 53.39, 8497868.97489137
11/10/05, 52.29, 53.27, 52.29, 52.29, 30255.3699324753
11/09/05, 53.21, 54.31, 53.21, 53.21, 398506.443967746
11/08/05, 53.21, 55.53, 53.21, 53.21, 61375.1790058784
11/07/05, 55.53, 55.59, 53.45, 55.53, 452533.890275737
11/03/05, 53.39, 53.45, 53.21, 53.39, 19882.1002413409
10/31/05, 53.21, 53.21, 53.21, 53.21, 2161.09785231966
10/28/05, 53.27, 53.27, 53.21, 53.27, 1296.6587113918
10/27/05, 53.79, 54.37, 53.27, 53.79, 6915.51312742292
10/26/05, 54.02, 54.08, 54.02, 54.02, 14263.2458253098
10/25/05, 54.02, 54.02, 54.02, 54.02, 1728.87828185573
10/24/05, 54.14, 54.37, 53.97, 54.14, 3025.53699324753
10/20/05, 54.37, 54.37, 53.97, 54.37, 4754.41527510326
10/19/05, 53.97, 55.06, 53.97, 53.97, 20314.3198118048
10/18/05, 54.02, 54.02, 53.97, 54.02, 6483.29355695898
10/14/05, 54.02, 54.02, 53.68, 54.02, 3025.53699324753
10/12/05, 55.24, 55.53, 55.24, 55.24, 9076.61097974258
10/11/05, 54.37, 54.37, 52.52, 54.37, 7347.73269788685
10/10/05, 52.23, 53.73, 50.90, 52.23, 4754.41527510326
10/07/05, 54.83, 54.83, 54.60, 54.83, 10805.4892615983
10/06/05, 54.60, 54.83, 53.21, 54.60, 4322.19570463932
10/05/05, 55.53, 55.53, 54.60, 55.53, 80392.8401062914
10/04/05, 53.62, 55.06, 52.17, 53.62, 4577205.25121304
10/03/05, 52.11, 52.29, 51.36, 52.11, 47976.3723214965
09/30/05, 51.36, 51.36, 51.13, 51.36, 9076.61097974258
09/29/05, 51.13, 51.36, 50.90, 51.13, 5618.85441603112
09/28/05, 50.90, 50.96, 50.90, 50.90, 14695.4653957737
09/27/05, 50.90, 51.36, 50.90, 50.90, 100707.159918096
09/26/05, 51.07, 51.42, 50.90, 51.07, 78663.9618244357
09/23/05, 51.65, 53.21, 51.36, 51.65, 12966.587113918
09/22/05, 52.75, 56.57, 51.83, 52.75, 112809.307891086
09/21/05, 51.77, 52.06, 48.59, 51.77, 199685.441554337
09/20/05, 50.15, 50.90, 49.74, 50.15, 16424.3436776294
09/19/05, 50.90, 50.90, 50.90, 50.90, 31119.8090734031
09/16/05, 50.90, 50.96, 50.67, 50.90, 210058.711245471
09/15/05, 50.96, 52.00, 46.50, 50.96, 5051782.33958244
09/14/05, 46.33, 46.50, 46.33, 46.33, 35009.7852075785
09/13/05, 46.85, 47.02, 46.27, 46.85, 79960.6205358275
09/12/05, 46.27, 46.50, 46.27, 46.27, 148683.532239593
09/09/05, 46.21, 46.27, 45.35, 46.21, 139174.701689386
09/08/05, 45.75, 46.16, 45.41, 45.75, 3025.53699324753
09/07/05, 45.75, 45.87, 45.12, 45.75, 17288.7828185573
09/06/05, 46.27, 46.27, 45.12, 46.27, 133123.627702891
09/05/05, 46.27, 46.27, 42.80, 46.27, 2629623.86670256
09/02/05, 45.12, 45.12, 41.99, 45.12, 2199997.61366142
09/01/05, 42.57, 42.57, 42.46, 42.57, 12102.1479729901
08/31/05, 42.40, 42.92, 42.34, 42.40, 11237.7088320622
08/30/05, 43.50, 46.27, 41.88, 43.50, 262789.498842071
08/29/05, 43.38, 43.38, 42.57, 43.38, 20746.5393822688
08/26/05, 42.98, 43.03, 42.57, 42.98, 21178.7589527327
08/25/05, 42.40, 42.40, 42.40, 42.40, 432.219570463932
08/24/05, 42.40, 42.40, 42.34, 42.40, 51434.128885208
08/23/05, 42.34, 42.34, 42.34, 42.34, 4322.19570463932
08/22/05, 42.28, 42.34, 41.76, 42.28, 11384231.2664495
08/18/05, 42.11, 42.22, 41.65, 42.11, 5618.85441603112
08/17/05, 42.22, 42.22, 42.11, 42.22, 200982.100265729
08/16/05, 42.22, 42.22, 42.11, 42.22, 1017444.8688721
08/15/05, 42.11, 42.11, 41.18, 42.11, 314655.847297743
08/12/05, 41.76, 41.76, 41.70, 41.76, 2161.09785231966
08/11/05, 42.63, 42.80, 41.70, 42.63, 15127.6849662376
08/10/05, 42.11, 42.22, 40.95, 42.11, 9941.05012067044
08/09/05, 42.57, 42.57, 41.65, 42.57, 8212.17183881471
08/08/05, 42.40, 42.40, 42.40, 42.40, 22475.4176641245
08/05/05, 43.96, 44.60, 42.80, 43.96, 3726164.91696956
08/04/05, 42.80, 43.96, 42.22, 42.80, 25068.7350869081
08/03/05, 41.99, 43.96, 40.78, 41.99, 496620.286463058
08/02/05, 40.72, 40.84, 39.45, 40.72, 83418.377099539
08/01/05, 39.33, 40.03, 39.04, 39.33, 35009.7852075785
07/29/05, 39.27, 39.33, 38.87, 39.27, 74773.9856902603
07/28/05, 38.87, 38.87, 38.87, 38.87, 4322.19570463932
07/27/05, 38.87, 39.10, 38.87, 38.87, 24204.2959459802
07/26/05, 39.22, 39.33, 38.93, 39.22, 15559.9045367016
07/25/05, 39.51, 39.79, 38.75, 39.51, 19017.661100413
07/22/05, 38.64, 38.64, 38.64, 38.64, 33713.1264961867
07/20/05, 38.64, 39.10, 38.46, 38.64, 142632.458253098
07/19/05, 38.64, 38.64, 38.18, 38.64, 37170.8830598982
07/18/05, 38.41, 38.41, 38.18, 38.41, 25933.1742278359
07/15/05, 38.41, 38.52, 37.71, 38.41, 18153.2219594852
07/14/05, 38.23, 38.75, 38.23, 38.23, 12102.1479729901
07/13/05, 38.18, 38.64, 38.18, 38.18, 12102.1479729901
07/12/05, 38.64, 38.64, 38.18, 38.64, 17721.0023890212
07/11/05, 38.18, 38.18, 37.71, 38.18, 25933.1742278359
07/06/05, 37.48, 37.48, 37.48, 37.48, 8644.39140927865
07/05/05, 37.94, 37.94, 37.94, 37.94, 13398.8066843819
07/04/05, 37.94, 37.94, 37.94, 37.94, 8212.17183881471
07/01/05, 38.00, 38.12, 37.94, 38.00, 53595.2267375276
06/30/05, 38.00, 38.18, 37.94, 38.00, 2593.31742278359
06/29/05, 38.18, 38.18, 38.18, 38.18, 1296.6587113918
06/28/05, 38.64, 38.64, 38.18, 38.64, 5618.85441603112
06/27/05, 38.29, 39.79, 37.94, 38.29, 11939201.1949252
06/24/05, 38.18, 38.18, 37.31, 38.18, 41925.2983350014
06/23/05, 37.42, 37.48, 37.31, 37.42, 4754.41527510326
06/22/05, 37.31, 37.48, 37.02, 37.31, 7347.73269788685
06/20/05, 37.31, 37.48, 37.02, 37.31, 25068.7350869081
06/17/05, 37.25, 37.25, 37.25, 37.25, 432.219570463932
06/16/05, 37.13, 37.13, 37.08, 37.13, 1728.87828185573
06/15/05, 36.96, 37.13, 36.56, 36.96, 4754.41527510326
06/14/05, 37.13, 37.13, 37.13, 37.13, 1728.87828185573
06/13/05, 37.08, 37.08, 37.08, 37.08, 2593.31742278359
06/10/05, 37.48, 37.48, 37.08, 37.48, 85147.2553813947
06/09/05, 37.31, 40.49, 37.08, 37.31, 23339.8568050523
06/08/05, 37.08, 37.13, 37.08, 37.08, 12966.587113918
06/07/05, 37.19, 37.25, 37.08, 37.19, 50569.6897442801
06/06/05, 37.02, 37.08, 37.02, 37.02, 33713.1264961867
06/03/05, 37.02, 37.02, 37.02, 37.02, 864.439140927865
06/02/05, 37.48, 37.48, 37.02, 37.48, 78231.7422539718
06/01/05, 37.25, 37.25, 37.25, 37.25, 53163.0071670637
05/31/05, 37.31, 37.48, 37.25, 37.31, 402828.639672385
05/30/05, 37.25, 37.48, 37.25, 37.25, 9508.83055020651
05/27/05, 37.31, 37.48, 37.25, 37.31, 75206.2052607242
05/26/05, 37.25, 37.37, 37.25, 37.25, 22043.1980936606
05/25/05, 37.02, 37.02, 37.02, 37.02, 19449.880670877
05/20/05, 37.02, 37.02, 36.79, 37.02, 6483.29355695898
05/19/05, 37.02, 37.08, 37.02, 37.02, 12966.587113918
05/18/05, 37.02, 37.02, 36.79, 37.02, 880863.484605494
05/17/05, 36.56, 37.02, 36.56, 36.56, 2161.09785231966
05/16/05, 36.56, 37.42, 36.56, 36.56, 65265.1551400538
05/13/05, 36.79, 37.02, 36.79, 36.79, 86011.6945223225
05/12/05, 36.79, 36.79, 36.79, 36.79, 133555.847273355
05/10/05, 36.79, 36.79, 36.79, 36.79, 432.219570463932
05/06/05, 37.02, 37.08, 37.02, 37.02, 9076.61097974258
05/05/05, 37.02, 37.48, 37.02, 37.02, 6051.07398649505
05/04/05, 36.79, 36.79, 36.56, 36.79, 5186.63484556719
05/03/05, 36.56, 36.84, 36.32, 36.56, 1285421.00255973
04/29/05, 36.96, 37.02, 36.90, 36.96, 519095.704127183
04/28/05, 36.56, 36.56, 36.50, 36.56, 114970.405743406
04/27/05, 36.38, 36.44, 36.32, 36.38, 25500.954657372
04/26/05, 36.38, 37.25, 36.32, 36.38, 306011.455888464
04/25/05, 36.56, 37.08, 36.56, 36.56, 4754.41527510326
04/21/05, 37.25, 37.77, 37.25, 37.25, 197092.124131553
04/20/05, 37.77, 37.94, 37.02, 37.77, 7779.95226835078
04/19/05, 38.06, 38.12, 37.25, 38.06, 61375.1790058784
04/18/05, 37.25, 38.18, 37.25, 37.25, 1296.6587113918
04/15/05, 37.08, 37.08, 37.02, 37.08, 2161.09785231966
04/11/05, 37.02, 37.02, 37.02, 37.02, 432.219570463932
04/08/05, 37.02, 37.25, 37.02, 37.02, 8212.17183881471
04/07/05, 37.25, 37.25, 37.19, 37.25, 320274.701713774
04/06/05, 37.25, 37.37, 37.25, 37.25, 53163.0071670637
04/05/05, 37.25, 38.64, 37.25, 37.25, 255009.54657372
04/04/05, 38.64, 38.64, 38.64, 38.64, 2161.09785231966
04/01/05, 36.79, 36.79, 36.79, 36.79, 4322.19570463932
03/31/05, 36.61, 36.61, 36.61, 36.61, 6915.51312742292
03/30/05, 36.56, 36.56, 35.86, 36.56, 15559.9045367016
03/29/05, 35.86, 35.86, 35.86, 35.86, 7779.95226835078
03/28/05, 35.86, 35.86, 35.86, 35.86, 4322.19570463932
03/23/05, 35.98, 36.09, 35.86, 35.98, 1728446.06228527
03/22/05, 35.86, 35.86, 35.86, 35.86, 11237.7088320622
03/21/05, 35.86, 35.86, 35.86, 35.86, 864.439140927865
03/17/05, 36.56, 37.02, 36.56, 36.56, 7347.73269788685
03/16/05, 36.79, 36.79, 36.79, 36.79, 432.219570463932
03/14/05, 35.86, 35.92, 35.86, 35.86, 4754.41527510326
03/11/05, 35.86, 36.09, 35.86, 35.86, 6915.51312742292
03/10/05, 36.09, 36.09, 36.09, 36.09, 1728.87828185573
03/09/05, 36.09, 37.02, 36.09, 36.09, 89901.6706564979
03/04/05, 37.02, 37.02, 37.02, 37.02, 4322.19570463932
03/03/05, 37.02, 37.02, 36.32, 37.02, 46679.7136101047
03/02/05, 36.96, 36.96, 36.96, 36.96, 432.219570463932
03/01/05, 36.56, 37.02, 36.09, 36.56, 5186.63484556719
02/28/05, 37.02, 37.48, 36.96, 37.02, 28094.2720801556
02/25/05, 37.02, 37.48, 37.02, 37.02, 9941.05012067044
02/24/05, 37.54, 37.94, 37.48, 37.54, 96817.1837839208
02/22/05, 38.18, 38.18, 35.28, 38.18, 9076.61097974258
02/21/05, 39.62, 39.79, 38.41, 39.62, 24636.5155164441
02/18/05, 39.10, 39.56, 39.10, 39.10, 549351.074059658
02/17/05, 39.22, 39.22, 39.16, 39.22, 228211.933204956
02/16/05, 38.87, 38.87, 38.87, 38.87, 6483.29355695898
02/15/05, 39.22, 39.62, 39.22, 39.22, 3889.97613417539
02/14/05, 39.22, 39.56, 39.22, 39.22, 9508.83055020651
02/11/05, 39.33, 39.62, 38.87, 39.33, 683771.360473941
02/10/05, 38.87, 39.62, 38.87, 38.87, 8644.39140927865
02/09/05, 38.87, 39.10, 38.87, 38.87, 130098.090709644
02/08/05, 39.79, 39.91, 39.33, 39.79, 44086.3961873211
02/07/05, 39.68, 39.85, 39.33, 39.68, 363928.878330631
02/03/05, 39.33, 40.03, 38.87, 39.33, 171591.169474181
02/02/05, 39.10, 39.27, 38.23, 39.10, 641413.842568476
02/01/05, 38.41, 38.81, 38.18, 38.41, 270569.451110422
01/31/05, 38.18, 38.18, 38.18, 38.18, 98978.2816362405
01/28/05, 38.18, 38.18, 37.71, 38.18, 127504.77328686
01/27/05, 38.06, 38.64, 37.71, 38.06, 228211.933204956
01/26/05, 38.18, 38.23, 38.18, 38.18, 48408.5918919604
01/25/05, 38.18, 38.18, 38.12, 38.18, 704085.680285746
01/20/05, 37.89, 37.94, 37.71, 37.89, 2161.09785231966
01/19/05, 37.54, 37.71, 37.48, 37.54, 147819.093098665
01/18/05, 37.48, 37.48, 37.48, 37.48, 21178.7589527327
01/17/05, 37.48, 37.48, 37.48, 37.48, 28958.7112210835
01/13/05, 37.48, 37.48, 37.48, 37.48, 1296.6587113918
01/12/05, 37.48, 37.48, 37.48, 37.48, 30687.5895029392
01/11/05, 37.48, 37.48, 37.08, 37.48, 63104.0572877341
01/10/05, 37.08, 37.08, 37.02, 37.08, 56188.5441603112
01/07/05, 37.08, 37.08, 37.02, 37.08, 94656.0859316012
01/06/05, 37.02, 37.48, 37.02, 37.02, 91198.3293678897
01/05/05, 37.71, 37.71, 37.02, 37.71, 3457.75656371146
01/04/05, 37.02, 37.60, 36.56, 37.02, 21610.9785231966